3
266
311
475
575
638
689
761
842
881
936
951
1034
1046
1130
1230
1519
1755
1820
2041
2146
2175
2278
2407
2407
2702
2784
2815
2824
3256
3304
3853
4011
4109
4226
4233
4253
4261
4272
4368
4473
4576
4594
4618
4758
4770
4937
4983
5019
5176
5510
5618
5639
5923
6049
6266
6287
6443
6783
6842
6919
7093
7207
7754
7847
7898
7917
8059
8080
8142
8201
8240
8549
9020
9051
9112
9256
9292
9554
9655
10182
10298
10387
10675
10734
10738
11055
11132
11240
11315
11324
11391
11444
11618
11643
12118
12147
12173
12223
12237
12247
12266
12275
12316
12470
12643
13055
13182
13355
13544
13937
14095
14154
14163
14178
14281
14579
14739
14923
14976
14989
15027
15152
15173
15209
15241
15256
15364
15545
15885
16395
16490
16683
16725
16807
16895
17255
17430
17488
17508
17777
17779
17786
18060
18307
18441
18528
18565
18623
18664
18676
18814
18881
19093
19096
19185
19444
19476
19698
19804
19894
19986
20116
20168
20307
20310
20337
20546
20607
20713
20834
20996
21078
21314
21418
21511
21623
21657
21803
21810
21857
21889
22002
22039
22059
22251
22295
22443
22490
22903
22957
22967
23655
23751
23919
23920
23925
24094
24168
24330
24379
24410
24446
24465
24474
24532
24543
24565
24592
24593
24628
24790
24830
25069
25143
25226
25327
25478
25564
25590
25626
25859
25959
25961
25970
25989
26000
26161
26317
26682
26910
26963
26974
27081
27567
27765
27890
28060
28088
28095
28164
28217
28330
28610
29031
29187
29254
29640
29724
29740
29751
29796
29799
29882
30027
30135
30271
30338
30358
30393
30495
30510
30616
30618
30631
30676
30788
30871
30878
30984
31000
31098
31131
31336
31406
31455
31518
31566
31572
31647
31657
31658
31676
31722
31727
31739
31773
31829
31978
32039
32122
32255
32261
32274
32398
32504
32538
32583
32653
32686
32706
32903
33074
33134
33256
33262
33564
34351
34357
34565
34626
34697
34732
34771
34772
35029
35115
35130
35138
35321
35354
35369
35629
35701
35704
35845
35897
36015
36121
36209
36215
36266
36272
36342
36593
36858
36858
36884
36969
36992
37008
37015
37073
37271
37296
37336
37467
37472
37472
37543
37561
37859
37916
38276
38360
38398
38429
38459
38603
38696
38963
38972
39074
39188
39204
39373
39482
39505
39541
39561
39653
39678
39888
40057
40253
40268
40389
40439
40511
40648
40877
40937
40994
41034
41141
41157
41276
41456
41478
41575
41587
41655
41681
41725
41730
41765
41785
41907
42101
42121
42180
42253
42340
42346
42412
42431
42444
42548
42938
43072
43114
43368
43405
43531
43573
43579
43748
43854
43871
44092
44445
44519
44558
44590
44614
44793
44821
45078
45105
45239
45326
45431
45437
45454
45832
46046
46147
46163
46170
46853
47021
47048
47220
47279
47325
47362
47384
47520
47535
47578
47679
47792
47823
47939
48057
48119
48152
48161
48503
48508
48639
48685
48718
49147
49232
49291
49304
49640
50047
50150
50192
50263
50311
50356
50649
50706
50708
50823
50900
50910
50981
50989
50995
51016
51042
51090
51254
51316
51504
51525
51769
51955
51959
52103
52235
52249
52258
52422
52435
52790
52974
53158
53216
53387
53548
53559
53710
53716
53760
53998
54123
54292
54387
54730
54760
54921
55005
55026
55097
55130
55160
55292
55355
55498
55682
55819
55868
55874
55896
56072
56106
56132
56139
56501
56611
56721
56950
56951
57052
57125
57151
57212
57309
57382
57409
57957
57986
58129
58178
58433
58597
58609
58659
58830
58962
58980
59059
59095
59152
59189
59349
59406
59457
59513
59559
59561
59842
59852
60043
60130
60418
60433
60543
60590
60750
61113
61159
61195
61220
61279
61357
61618
61720
61811
62341
62344
62371
62446
62693
62748
62750
62780
62906
62980
63038
63048
63085
63211
63416
63453
63543
63569
63641
63696
63842
63940
63945
64111
64328
64423
64512
64715
64806
64878
64955
65028
65051
65083
65133
65262
65330
65455
65939
65957
66024
66112
66287
66428
66435
66444
66573
66578
66613
66663
66736
66740
66785
66908
66922
66923
67141
67345
67443
67592
67613
67631
67654
67679
68021
68127
68136
68174
68203
68252
68256
68261
68262
68401
68730
68768
68894
69116
69452
69663
69663
69803
69818
69886
69944
70001
70122
70134
70201
70280
70496
70516
70574
70729
70737
70759
70879
70883
70916
70942
71072
71122
71427
71522
71540
71578
71610
71684
71725
71752
71796
71984
71991
71993
72017
72056
72204
72238
72304
72318
72418
72564
72575
72648
72663
72850
72893
72954
73035
73038
73091
73206
73249
73294
73597
73644
73670
73709
73775
73857
74009
74124
74142
74252
74354
74613
74830
74926
74997
75028
75029
75078
75267
75292
75327
75514
75819
75827
75838
75843
76019
76194
76279
76313
76418
76458
76530
76598
76598
76656
76686
76775
76780
76907
76926
77248
77370
77432
77525
77550
77815
77830
78063
78108
78177
78251
78252
78276
78411
78599
78809
79144
79176
79332
79377
79503
79520
79711
79899
79912
79946
80194
80323
80345
80454
80481
80729
80803
80915
80936
80984
81024
81044
81101
81403
81436
81517
81707
81863
81881
81916
81952
82026
82129
82178
82185
82198
82222
82372
82397
82596
82684
82790
82855
83360
83406
83513
83546
83565
83606
83673
83709
83715
83781
83887
84074
84093
84167
84719
84834
84872
84932
85140
85143
85295
85358
85565
85574
85621
85664
85761
85841
85868
85951
86027
86135
86192
86375
86610
86686
86808
86840
86947
86996
87348
87691
87710
87724
87782
87793
87821
87872
88049
88079
88445
88507
88519
88554
88809
88837
88838
89168
89336
89429
89627
89663
89754
89757
90050
90129
90288
90913
90958
91035
91263
91328
91586
91635
91759
91803
92106
92141
92155
92650
92807
92816
92848
92978
93102
93145
93173
93244
93297
93310
93416
93447
93623
93710
93802
93875
94120
94418
94553
94591
94632
94634
94785
94854
94919
95201
95441
95526
95557
95683
95787
95902
95965
96019
96077
96256
96576
96699
96699
96754
96859
97278
97286
97356
97436
97827
97896
98011
98095
98109
98170
98236
98364
98393
98413
98526
98600
98661
98953
99001
99148
99168
99253
99427
99460
99464
99565
99608
99798
99963
100029
100125
100255
100337
100384
100775
100984
101013
101162
101178
101309
101499
101679
101698
101706
101954
102028
102063
102693
102694
102722
102740
102794
103062
103145
103193
103235
103360
103610
103871
104043
104084
104111
104150
104152
104201
104694
104804
104918
104941
105095
105106
105128
105132
105162
105599
105690
105785
105933
106139
106317
106415
106479
106615
106625
106830
106988
107267
107424
107725
107799
107865
108110
108283
108420
108481
108493
108572
108632
108739
108789
108802
109377
109414
109443
109512
109756
109933
109949
110157
110268
110326
110394
110508
110530
110553
110569
110649
110700
110707
110760
110805
111007
111114
111248
111328
111494
111746
111787
111812
111820
111938
111986
112028
112219
112325
112402
112405
112409
112473
112613
112624
112704
112830
112840
112915
112955
113335
113392
113401
113498
113628
113644
114189
114197
114222
114398
114437
114543
114552
114641
114862
114894
115191
115213
115439
115482
115535
115635
115795
115808
116063
116068
116110
116182
116195
116197
116244
116262
116278
116315
116372
116462
116470
116649
116727
116759
116773
116794
116863
117008
117054
117111
117455
117486
117518
117518
117662
117693
117814
117837
117971
118028
118162
118174
118177
118195
118226
118242
118360
118426
118517
118572
118700
118733
118872
119068
119108
119128
119180
119185
119218
119285
119657
119756
119832
119869
119894
120041
120221
120245
120402
120605
120845
120942
120956
121030
121097
121197
121215
121427
121454
121494
121615
121742
122106
122162
122302
122523
122759
122917
123257
123318
123360
123380
123389
123409
123476
123637
123784
123943
124079
124323
124400
124464
124486
124549
124645
124655
124978
124993
125128
125230
125301
125341
125373
125388
125725
125777
125992
126043
126531
126666
126836
126873
126968
127020
127065
127335
127335
127534
127648
127943
127970
127978
128009
128131
128239
128374
128543
128616
128725
128851
128878
128989
129001
129116
129254
129258
129323
129806
129865
130130
130146
130229
130241
130430
130488
130492
130592
130618
130652
130762
130769
130775
131252
131426
131493
131522
131768
131789
131802
131815
131894
132036
132347
132498
132591
132641
132682
132780
132875
132877
132887
132907
133010
133016
133023
133091
133093
133173
133202
133509
133524
133865
133962
134036
134135
134186
134402
134458
134519
134657
134681
134936
135141
135313
135579
135631
135960
136121
136209
136214
136228
136503
136516
136537
136636
136814
137315
137658
137688
137696
137854
137879
137914
138110
138235
138258
138388
138596
138605
138760
138850
138950
139090
139298
139306
139382
139505
139548
139581
139659
140006
140088
140120
140170
140243
140290
140361
140405
140490
140772
140914
141016
141053
141148
141153
141173
141244
141290
141331
141365
141378
141394
141409
141428
141516
141525
141569
141742
141820
141918
141931
142054
142094
142096
142286
142419
142480
142590
142704
142779
142807
142836
142976
143059
143176
143379
143619
143744
143823
143837
143846
143941
143963
144235
144262
144447
144487
144528
144551
144623
144631
144664
144870
144893
145050
145085
145193
145230
145234
145383
145477
145480
145750
145836
145903
146042
146623
146643
146805
146867
146891
146893
147167
147212
147288
147411
147420
147538
147540
147707
147733
147736
147852
147917
148037
148156
148204
148384
148439
148496
148546
148587
148603
148654
148664
148717
148792
148876
149020
149048
149113
149191
149310
149338
149433
149495
149570
149614
149645
149663
149761
150004
150031
150037
150088
150227
150355
150368
150382
150496
150740
150801
150854
150875
150946
151168
151265
151296
151307
151464
151504
151648
151672
151788
151833
151857
152009
152121
152286
152347
152411
152480
152581
152738
152792
153428
153496
153531
153676
153679
153740
153794
153810
153814
153829
153886
153923
154112
154240
154309
154331
154468
154505
154540
154657
154665
154750
154777
154818
155035
155058
155108
155147
155166
155183
155239
155350
155354
155544
155572
155575
155689
155692
155811
155847
155953
156004
156108
156217
156240
156449
156453
156454
156546
156668
156739
157281
157479
157493
157590
157645
157653
157659
157891
158189
158219
158220
158234
158307
158412
158456
158472
158526
158562
158614
158714
158778
158862
158879
158947
158965
159050
159162
159286
159451
159509
159579
159678
159712
160037
160039
160068
160144
160157
160242
160483
160587
160739
160758
160882
161033
161037
161040
161253
161271
161282
161385
161497
161671
161775
161781
162131
162213
162240
162245
162709
162736
162816
162825
162855
162864
163104
163182
163219
163265
163352
163381
163840
164602
164685
164851
165064
165432
165540
165575
165617
165927
166229
166251
166307
166500
166555
166849
166956
166983
167100
167102
167123
167235
167435
167779
167921
168029
168167
168184
168451
168495
168696
169218
169760
169954
170059
170221
170227
170262
170317
170433
170434
170508
170542
170543
170582
170596
170785
170786
171206
171229
171289
171375
171397
171598
171612
171645
171648
171684
171724
171733
171833
171919
172009
172146
172197
172454
172501
172681
172706
172708
172865
172909
173012
173022
173171
173189
173374
173380
173408
173642
173647
173701
174109
174130
174260
174489
174566
174599
174611
174749
174771
174813
174952
175019
175087
175311
175438
175581
175861
175970
176042
176065
176079
176190
176244
176308
176316
176381
176657
176787
176798
176815
176908
176980
177015
177050
177153
177203
177278
177350
177400
177603
177686
177712
177750
177761
177773
177813
178117
178151
178193
178233
178325
178327
178737
178758
178807
178864
178972
178986
178992
179023
179133
179362
179407
179835
179840
179848
179879
180053
180089
180166
180295
180374
180557
180635
180691
180746
180898
180949
181184
181196
181211
181233
181276
181276
181537
181617
181627
181762
181832
182164
182319
182370
182482
182498
182507
182563
182858
182861
182919
182941
182969
183033
183105
183160
183284
183455
183476
183605
183642
183942
183979
184015
184072
184103
184560
185026
185059
185163
185340
185473
185657
185970
186086
186155
186256
186326
186381
186580
186662
187176
187242
187306
187312
187780
187884
188007
188086
188135
188166
188234
188277
188403
188495
188617
188878
188924
189027
189038
189189
189333
189533
189561
189693
189720
189868
189976
190142
190192
190206
190367
190384
190460
190580
190657
190702
191087
191091
191153
191161
191169
191181
191236
191333
191336
191364
191453
191626
192066
192138
192178
192327
192395
192509
192959
193151
193298
193415
193452
193463
193649
193692
193736
193784
193789
193871
193905
194130
194308
194317
194405
194698
194701
194785
194790
194859
194940
195120
195151
195381
195427
195482
195628
195679
195710
195763
195837
195873
195939
196057
196101
196146
196246
196340
196552
196590
196688
196909
197008
197052
197161
197274
197398
197475
197574
197705
197755
198162
198182
198282
198360
198701
198757
198810
198862
199022
199070
199098
199112
199219
199331
199342
199351
199358
199423
199491
199613
199687
199719
199755
199768
199827
200013
200178
200329
200505
200797
200892
200952
200999
201085
201096
201229
201457
201549
201842
201894
201919
201971
202089
202266
202432
202460
202494
202502
202514
202527
202717
202735
202820
202875
203111
203328
203413
203581
203730
203756
204210
204216
204392
204431
204500
204769
204789
204948
205224
205252
205419
205432
205467
205532
205621
205625
205782
205785
205786
206078
206297
206305
206359
206390
206400
206404
206425
206547
206650
206710
206757
206778
206816
206829
206837
206867
206885
207047
207225
207448
207673
207740
207820
207954
208031
208190
208259
208264
208315
208327
208462
208497
208591
208647
208765
208790
208838
208929
208998
209301
209334
209372
209768
209941
210161
210224
210462
210474
210527
210548
210628
210646
210680
211117
211123
211249
211249
211463
211600
211737
211762
211931
212010
212075
212094
212307
212556
212624
212727
212849
212912
213001
213300
213322
213332
213525
213942
214103
214124
214311
214383
214615
214709
214827
215145
215175
215190
215297
215456
215459
215634
215678
215742
215787
215813
215851
216021
216270
216271
216311
216494
216519
216520
216552
216696
216800
216808
216835
216849
216944
216953
217050
217094
217239
217243
217354
217411
217894
217940
218102
218128
218187
218203
218482
218547
218680
218788
218804
218859
218895
219018
219028
219055
219076
219152
219312
219389
219455
219463
219545
219744
219938
220008
220192
220258
220279
220457
220716
220792
220885
221052
221138
221175
221188
221244
221254
221256
221449
221527
221780
221848
221874
222118
222211
222220
222294
222487
222569
222711
222861
222958
223079
223294
223450
223474
223484
223490
223504
223684
223689
223779
223821
223862
223963
224012
224025
224077
224082
224372
224437
224486
224551
224618
224733
224792
224850
224893
225037
225064
225115
225384
225483
225562
225590
225836
225975
226001
226247
226640
226655
226725
226899
227009
227020
227030
227110
227304
227419
227452
227539
227896
227988
228172
228378
228437
228823
228837
228902
229097
229104
229141
229325
229449
229453
229477
229524
229624
229644
229726
229811
229827
229881
229985
230039
230046
230387
230432
230556
230693
231120
231168
231245
231339
231343
231535
231538
231557
231597
231691
231694
231782
231784
232053
232151
232207
232248
232267
232293
232627
232634
232860
232981
232983
233163
233184
233283
233385
233420
233819
233901
233931
233980
234093
234115
234128
234145
234152
234277
234327
234382
234387
234431
234636
234938
235007
235046
235174
235201
235242
235500
235626
235642
235642
235691
235864
235962
235997
236005
236082
236227
236265
236468
236504
236765
236954
236969
237129
237217
237262
237299
237404
237532
237541
237571
237614
237730
237833
237895
238028
238081
238554
238568
238616
238822
238830
238940
238971
238976
238986
239101
239105
239166
239336
239585
239602
239818
240003
240029
240055
240125
240359
240584
240642
240690
240761
240915
241052
241189
241223
241262
241333
241689
241721
241768
241774
241779
241809
242011
242266
242468
242611
242770
243112
243131
243466
243548
243572
243691
243710
243929
243977
244002
244300
244333
244472
244532
244689
244806
244837
244851
244940
245006
245017
245073
245130
245209
245252
245466
245497
245533
245674
245731
245794
245797
245904
245977
246036
246106
246265
246275
246490
246534
246862
247263
247288
247617
247777
247796
247855
247882
247889
248001
248092
248129
248144
248212
248353
248444
248793
248976
249112
249202
249313
249327
249408
249449
249453
249502
249503
249506
249619
249639
249656
249751
249817
249939
250161
250228
250296
250317
250355
250379
250481
250585
250719
250835
250871
250906
250924
251059
251165
251190
251292
251444
251477
251760
251887
251963
252159
252338
252381
252405
252518
252661
252752
252784
252806
252989
252995
253010
253133
253137
253199
253324
253459
253722
253729
253857
253868
253968
254090
254119
254122
254279
254283
254390
254766
254994
255089
255214
255338
255401
255528
255672
255715
255827
256124
256270
256481
256730
256744
256902
256937
257137
257198
257594
257756
257781
257808
257841
257865
257942
257970
258021
258023
258073
258144
258315
258345
258710
258799
259104
259168
259316
259354
259401
259402
259480
259565
259787
259809
259837
259984
259988
260198
260204
260256
260342
260438
260498
260537
260601
260855
260904
261037
261096
261098
261169
261204
261350
261361
261477
261552
261606
261945
261961
262000
262004
262142
262386
262539
262586
262641
262762
262797
262895
262928
263243
263317
263413
263447
263495
263563
263581
264059
264149
264263
264271
264361
264364
264427
264531
264543
264566
264664
264850
265074
265076
265101
265160
265222
265239
265264
265523
265537
265550
265571
265668
265709
265742
265801
266099
266162
266198
266199
266200
266242
266282
266298
266458
266580
266587
266631
266650
266710
266843
267093
267353
267390
267434
267568
267602
267648
267738
267759
267771
267991
268077
268454
268637
268749
268768
268800
268803
268936
268968
269029
269155
269195
269327
269506
269697
269724
269919
269972
270043
270053
270143
270146
270334
270361
270465
270611
270640
270691
270769
270880
270890
270991
270993
271242
271258
271299
271455
271499
271534
271730
271732
271788
271824
271892
271903
271933
271961
272157
272474
272485
272562
272665
272673
272731
272770
272779
272971
273474
273621
273662
273773
273774
273867
273904
273922
273989
274081
274091
274104
274284
274609
274655
274692
274769
274774
274779
274801
274846
274870
274909
275130
275256
275356
275787
275959
276252
276356
276390
276427
276527
276528
276860
276909
277029
277186
277342
277353
277427
277443
277565
277583
277619
277718
277894
277967
278037
278060
278073
278186
278264
278280
278307
278359
278489
278775
278790
279030
279071
279129
279160
279314
279325
279568
279598
280016
280026
280065
280119
280151
280214
280253
280348
280409
280589
280864
281081
281151
281207
281293
281390
281424
281436
281595
281601
281672
281707
281945
281981
282010
282029
282076
282350
282384
282397
282413
282550
282589
282770
282793
282795
282818
283425
283434
283501
283682
283707
283961
283963
284042
284328
284342
284632
284640
284700
284889
284890
284913
285097
285343
285345
285382
285398
285463
285518
285589
285737
285774
285956
286101
286111
286121
286220
286245
286265
286452
286465
286635
286677
286692
286697
286826
287273
287707
287826
287839
287872
287872
287932
287949
287974
288139
288222
288238
288326
288359
288421
288623
288649
289193
289251
289391
289401
289622
289646
289690
290043
290142
290249
290294
290371
290574
290691
290723
290788
291093
291273
291441
291553
291622
291803
291885
291952
292065
292225
292286
292397
292456
292483
292605
292779
292813
292954
293128
293140
293170
293250
293329
293335
293431
293519
293577
293659
293743
293873
293917
293963
293963
294162
294301
294312
294330
294529
294663
294864
294990
295012
295108
295169
295195
295507
295616
295633
295722
295738
295930
295946
296232
296234
296484
296681
296682
296721
296771
296889
296968
297320
297342
297546
297917
297937
297975
298031
298046
298094
298137
298249
298343
298761
298813
298837
298920
298994
299066
299074
299153
299265
299294
299418
299485
299530
299610
299635
299669
299810
299913
300042
300060
300157
300182
300243
300275
300305
300399
300465
300552
300599
300662
300747
300849
300869
301030
301425
301499
301577
301580
301689
301713
301755
301765
301806
301828
301876
301899
301927
302079
302183
302190
302738
302771
302782
302871
302947
303013
303163
303422
303487
303499
303785
303878
303944
303949
303967
304155
304234
304398
304425
304488
304716
304787
304871
304954
304962
304988
305083
305431
305454
305492
305519
305529
305626
305664
305708
305851
305917
306001
306138
306219
306406
306409
306536
306655
306745
306924
307001
307095
307568
307668
307716
307831
307892
308137
308500
308954
308981
308989
309018
309151
309233
309584
309598
309744
309814
309861
310365
310465
310533
310813
311101
311243
311301
311401
311437
311585
311621
311708
311821
311932
312089
312126
312228
312619
312714
312876
312947
312966
313120
313358
313567
313578
313588
313857
313901
313944
313990
314082
314247
314311
314393
314513
314580
314640
315259
315266
315275
315357
315563
315588
315683
315686
315713
315787
315899
316018
316070
316189
316357
316358
316550
316878
316969
317087
317204
317229
317261
317264
317390
317815
317913
317930
317948
317952
318016
318296
318313
318412
318524
318599
318722
318733
318746
318829
318857
319103
319245
319278
319431
319435
319478
319715
319828
319903
320041
320085
320097
320124
320228
320273
320293
320430
320446
320466
320588
320602
320604
320699
320704
320715
320831
320921
321039
321044
321111
321174
321216
321249
321411
321572
321618
321829
321844
322300
322314
322415
322444
322677
322711
322954
323214
323292
323322
323528
323729
323776
323842
323868
324025
324047
324093
324143
324289
324359
324690
324706
324728
324776
324810
324823
324856
324874
324917
325204
325554
325571
325611
325759
325803
325835
325942
326029
326159
326251
326431
326462
326487
326644
326657
326742
326787
326850
326854
326868
326935
326986
326987
327032
327051
327136
327276
327691
327709
327766
327807
327959
328141
328309
328502
328584
328737
329005
329036
329157
329368
329513
329616
329649
330135
330202
330280
330441
330473
330496
330504
330539
330637
330640
330673
330749
330902
330922
330977
331150
331179
331416
331459
331580
332109
332361
332566
332713
332726
332829
332979
332979
333214
333429
333761
333772
334005
334043
334189
334267
334355
334551
334658
334915
334921
335080
335106
335174
335434
335461
335584
335609
335861
336021
336117
336310
336367
336495
336611
336773
336813
336814
336955
337200
337256
337264
337275
337338
337365
337556
337676
337701
337735
337940
337985
338074
338104
338275
338490
338517
338546
338737
339137
339409
339409
339623
339710
339747
339756
339785
339813
339876
339904
339915
340078
340155
340201
340267
340427
340545
340612
340627
340786
341042
341072
341151
341309
341388
341398
341420
341501
341558
341585
341703
341869
341970
342209
342286
342303
342320
342333
342373
342391
342422
342487
342508
342776
342789
342851
343014
343023
343201
343202
343321
343420
343760
343848
343853
343890
343896
343932
344022
344333
344486
344582
344611
344684
344697
344890
345008
345093
345095
345173
345177
345218
345283
345394
345440
345492
345728
345779
345789
345819
345995
346099
346156
346250
346298
346813
346879
346880
346890
346898
347098
347099
347105
347108
347129
347301
347335
347350
347403
347484
347563
347608
347667
347948
348091
348092
348131
348477
348571
348606
348617
348730
348929
349047
349075
349144
349152
349205
349228
349276
349285
349348
349366
349555
349668
349710
349733
349740
349862
349892
350056
350069
350100
350120
350151
350205
350385
350421
350497
350508
350564
350595
350605
350749
350751
350829
351174
351276
351315
351558
351758
351792
351848
351896
351907
351986
352268
352328
352471
352486
352540
352560
352839
352923
353000
353014
353207
353214
353224
353374
353542
353628
353686
353705
353792
353843
353888
353899
354047
354111
354187
354218
354289
354388
354443
354459
354510
354676
354696
354778
354829
354858
354869
355087
355111
355111
355116
355117
355152
355179
355199
355246
355426
355450
355461
355504
355544
355560
355605
355700
355770
355775
355980
355983
356053
356139
356192
356262
356387
356496
356535
356587
356671
356697
356825
356846
356992
357021
357058
357185
357205
357412
357418
357438
357506
357641
357856
357943
358475
358488
358556
358628
358642
358677
358751
358843
359009
359091
359161
359172
359179
359274
359499
359601
359606
359629
359633
359825
359843
359926
359931
360076
360086
360498
360530
360607
360663
360755
360967
361123
361123
361277
361336
361442
361462
361519
361537
361572
361772
361819
361849
361881
362107
362239
362489
362589
362626
362657
362709
362870
363102
363115
363134
363159
363344
363363
363375
363396
363476
363553
363560
363824
363982
364017
364079
364224
364351
364505
364621
364733
364741
364745
364781
364786
364812
364879
364881
364914
365155
365166
365224
365351
365420
365431
365534
365563
365665
365703
365829
365960
365962
365986
366018
366030
366298
366342
366379
366637
366699
366764
367060
367085
367285
367344
367374
367395
367561
367637
367722
367724
367846
368027
368101
368158
368287
368506
368618
368730
368764
368895
368902
369050
369053
369302
369475
369523
369538
369554
369647
369692
369769
369985
370076
370094
370242
370343
370421
370673
370757
370809
370878
371093
371235
371253
371268
371421
371470
371557
371949
371965
372334
372732
372903
373030
373106
373249
373370
373433
373493
373708
373854
373880
373885
374112
374196
374233
374287
374288
374398
374469
374621
374642
374705
374748
374908
375045
375290
375327
375424
375484
375517
375595
375682
375844
375915
376036
376163
376178
376205
376216
376250
376335
376357
376379
376455
376758
376776
377052
377095
377158
377186
377288
377426
377593
377631
377834
377861
378013
378280
378308
378317
378380
378527
378669
378902
378999
379075
379130
379355
379518
379537
379630
379666
379683
379685
379771
379965
380154
380432
380596
380606
380644
380660
380778
380898
380974
381128
381269
381303
381412
381451
381467
381526
381596
381603
381699
381823
381858
381887
381968
382057
382134
382156
382281
382322
382368
382474
382539
382687
382706
382774
382856
382983
383022
383082
383184
383207
383372
383505
383515
383557
383587
383721
383890
383894
383976
383984
384157
384237
384251
384295
384322
384578
384663
384798
384945
385035
385091
385124
385293
385338
385422
385429
385461
385768
386020
386171
386180
386245
386262
386334
386373
386411
386656
386694
386702
386840
386894
386898
386976
387018
387028
387127
387179
387318
387330
387343
388089
388116
388150
388190
388193
388264
388267
388352
388512
388519
388538
388550
388556
388688
388733
388901
389310
389373
389376
389402
389429
389928
389985
390212
390409
390414
390543
390589
390715
390796
390822
390918
390920
391086
391198
391271
391308
391368
391405
391426
391500
392005
392100
392283
392292
392299
392338
392446
392448
392470
392660
392681
392737
392754
392793
392921
393064
393256
393264
393281
393320
393801
394099
394380
394436
394583
394681
394716
394773
394821
394826
394912
395047
395070
395155
395214
395219
395337
395408
395426
395551
395764
395767
395909
396128
396291
396320
396341
396585
396587
397052
397205
397306
397396
397429
397472
397513
397517
397517
397573
397639
397672
397675
397927
397936
397955
398057
398219
398253
398266
398269
398313
398692
398735
398743
398805
398957
399044
399075
399234
399324
399545
399757
399807
399815
400185
400257
400337
400436
400540
400581
400628
400735
400810
401105
401139
401162
401414
401429
401497
401537
401603
401827
402028
402503
402529
402565
402586
402600
402610
402705
402709
402732
402783
402893
402918
402930
403000
403558
403608
403625
403639
403668
403803
403858
403887
403941
404040
404081
404150
404283
404374
404410
404508
404881
404898
405073
405107
405265
405284
405380
405451
405518
405630
405884
405949
406147
406288
406296
406348
406380
406458
406518
406529
406566
406585
406846
406864
407020
407249
407295
407324
407416
407466
408001
408067
408089
408097
408224
408434
408476
408552
408564
408619
408653
408737
408783
408783
408827
408921
408932
408966
409031
409294
409372
409460
409717
409841
409912
410379
410624
411006
411088
411096
411514
411783
411855
411894
412019
412310
412583
412855
412862
412891
412911
412986
413265
413488
413517
413644
413715
413740
413801
413809
413813
414009
414078
414135
414254
414261
414288
414402
414430
414445
414478
414482
414532
414585
414678
414843
414884
414950
415005
415086
415247
415407
415521
415693
415998
416159
416197
416413
416499
416540
416649
417163
417452
417466
417472
417535
417618
417644
417659
417711
417850
417896
417908
417966
418032
418096
418152
418178
418393
418488
418652
418714
418785
418900
419042
419248
419356
419374
419655
419695
419726
419828
419914
419916
420050
420138
420189
420215
420395
420451
420519
420645
420709
420773
420809
420884
420896
420922
421177
421214
421505
421589
421656
421705
422149
422251
422285
422476
422545
422578
422790
422916
422957
422992
423038
423078
423323
423487
423649
423720
423786
423907
423907
424123
424189
424311
424353
424370
424770
424922
425014
425258
425320
425569
425574
425756
426010
426032
426140
426527
426551
426569
426628
426940
427000
427235
427246
428018
428077
428085
428110
428151
428304
428313
428422
428429
428793
428855
428918
428931
428991
429061
429328
429426
429511
429578
429712
429803
429867
429879
430130
430229
430837
430944
431033
431115
431146
431237
431318
431493
431496
431575
431670
431889
432039
432081
432086
432156
432184
432220
432336
432374
432385
432388
432432
432508
432621
432654
432740
433067
433145
433263
433279
433458
433473
433754
433846
433903
433999
434063
434200
434378
434422
434626
434651
434679
434815
434833
434854
434980
435177
435262
435393
435716
435835
436041
436466
436508
436521
436582
436624
436629
436754
436879
436966
437049
437075
437601
437604
437970
437996
438008
438070
438081
438099
438215
438306
438523
438541
438591
438740
438933
439002
439080
439115
439439
439502
439529
439564
439664
439850
440109
440328
440566
440712
440730
440785
440832
440991
441238
441329
441425
441439
441487
441784
441806
441973
442021
442141
442327
442540
442587
442975
443455
443691
443966
444031
444066
444100
444633
444636
444645
444684
445265
445547
445566
445596
445673
445807
445845
446084
446419
446430
446527
446548
446652
446804
446849
446893
446935
447008
447022
447075
447092
447174
447191
447289
447309
447364
447630
447674
447682
447724
447793
448104
448179
448317
448318
448625
448644
448835
448885
448990
449483
449494
449502
449505
449555
449615
449646
449757
449762
449802
449971
450067
450171
450207
450246
450403
450532
450653
450719
450746
450819
450982
450985
451052
451203
451238
451309
451352
451408
451601
451767
451869
451909
452194
452399
452431
452539
452647
452829
453305
453525
453580
453644
453650
453797
453810
453852
453984
454413
454414
454619
454795
454862
455209
455242
455348
455496
455503
455526
455568
455916
455919
455927
455929
455965
456417
456584
456601
456676
456824
456901
456990
457272
457470
457511
457582
457762
457827
457860
458056
458076
458217
458294
458297
458644
458690
458811
458829
458834
458930
458956
459009
459239
459353
459489
459497
459525
459626
459752
459839
459861
460065
460247
460268
460321
460376
460482
460520
460687
460705
460709
460810
460878
461250
461284
461324
461429
461455
461496
461543
461847
462055
462059
462117
462219
462226
462256
462753
462782
462801
462857
463128
463147
463303
463328
463355
463392
463429
463601
463703
463731
463840
463901
463956
463995
464004
464084
464129
464132
464184
464247
464473
464571
464660
464666
464680
464782
464998
465327
465917
466079
466384
466767
466889
467050
467132
467449
467658
467670
467842
467890
467933
467947
468078
468108
468113
468166
468329
468344
468364
468367
468422
468838
468910
468971
469080
469089
469114
469226
469280
469326
469401
469413
469447
469469
469735
469768
469883
469943
469947
470004
470080
470233
470273
470371
470510
470525
470544
470589
470723
470725
470764
470850
471356
471401
471445
471672
471789
471821
471857
471944
471976
471980
472132
472202
472262
472331
472575
472664
472744
472807
472858
472886
472947
472954
472958
472969
473103
473393
473482
473625
473673
473737
473768
473802
473938
474048
474064
474069
474071
474075
474160
474230
474331
474414
474514
474647
474779
474805
474866
474996
475018
475065
475330
475642
475650
475735
475741
475802
475902
475905
475955
476108
476567
476595
476637
476908
476922
476949
476998
477070
477430
477616
477630
477657
478068
478079
478224
478300
478342
478449
478544
478588
478691
478839
478885
479063
479169
479478
479613
479664
479690
479735
479755
479845
479862
480144
480203
480231
480305
480313
480648
480848
480965
480981
481030
481034
481051
481051
481313
481367
481399
481467
481571
481595
481675
481731
481884
482137
482262
482571
482617
482629
482802
482959
483159
483182
483329
483347
483369
483467
483691
483698
483859
483984
484207
484214
484244
484254
484370
484400
484454
484468
484481
484516
484820
484837
485046
485118
485152
485322
485351
485358
485486
485534
485571
485612
485695
485801
485818
485895
485975
485994
486022
486027
486085
486090
486106
486116
486251
486319
486354
486554
486645
486891
486910
487062
487154
487202
487212
487671
487683
487791
487925
488122
488272
488290
488292
488503
488551
488643
488967
489090
489207
489213
489294
489478
489546
489587
489652
489747
489941
489990
490258
490357
490372
490502
490518
490541
490582
490799
490918
490937
490965
490998
491086
491098
491108
491154
491194
491243
491292
491310
491328
491368
491444
491475
491547
491670
491749
491753
491787
491833
492014
492161
492269
492332
492556
492614
492879
493051
493074
493089
493231
493247
493434
493539
493734
493875
494206
494267
494570
494596
494640
495048
495176
495408
495459
495514
495522
495626
495712
495822
495878
496342
496445
496494
496599
496691
496698
496991
497269
497349
497396
497604
497667
497668
497894
497943
498035
498135
498451
499019
499116
499146
499289
500097
500107
500333
500383
500407
500439
500771
500924
501238
501346
501372
501623
501649
501679
501740
501773
501891
502015
502019
502085
502140
502171
502268
502276
502354
502358
502426
502437
502452
502570
502789
502811
502839
502965
503098
503144
503207
503466
503476
503640
503824
503901
503904
504240
504547
504597
504625
504736
504855
504863
505052
505097
505116
505153
505213
505229
505444
505473
505519
505929
505979
506116
506230
506426
506617
506653
506688
506706
506730
506762
506764
506860
506891
506935
507013
507060
507063
507190
507228
507300
507400
507423
507620
507676
507758
507790
507866
507969
508097
508182
508225
508227
508513
508776
508819
509089
509149
509446
509492
509624
510050
510192
510250
510266
510286
510307
510513
510722
510952
510986
510998
511164
511295
511428
511530
511837
512139
512169
512222
512229
512255
512311
512479
512521
512717
512737
512827
512904
512906
513001
513249
513471
513621
513688
513712
513775
513849
513901
513933
514080
514081
514130
514241
514415
514504
514530
514585
514726
514771
514798
514830
514881
514998
515164
515185
515383
515476
515597
515660
515810
515826
515828
515922
516082
516110
516119
516202
516227
516272
516484
516508
516535
516660
516750
517184
517222
517237
517280
517283
517312
517531
517647
517676
517685
517701
517883
518262
518405
518423
518467
518715
518846
518858
518898
518999
519025
519063
519120
519332
519345
519423
519451
519460
519471
519652
519661
519790
519944
519998
520052
520157
520322
520395
520400
520452
520530
520819
520965
520981
521026
521030
521146
521558
521579
521662
521672
521692
521961
522128
522277
522314
522316
522486
522540
522565
522594
522843
522971
523047
523052
523066
523151
523183
523184
523364
523500
523510
523519
523528
523675
523679
523696
523834
523844
523889
523981
523992
524045
524097
524212
524228
524380
524679
524825
524826
524847
524872
524988
525020
525029
525092
525148
525207
525235
525307
525568
525616
525804
525837
525923
526087
526184
526323
526503
526644
526800
526857
526985
527243
527354
527364
527370
527429
527620
527659
527660
527671
527812
527971
527985
528006
528061
528223
528248
528319
528449
528694
528744
528758
528926
529031
529061
529156
529196
529242
529247
529252
529307
529314
529343
529344
529447
529532
529533
529538
529646
529770
530039
530078
530125
530438
530652
530690
530845
531038
531298
531322
531373
531575
531604
531679
531749
531869
531887
531993
532027
532156
532365
532761
532816
532840
532865
532869
533103
533108
533380
533405
533448
533663
533762
533800
534021
534093
534126
534227
534251
534339
534398
534439
534547
534648
534703
534977
535159
535160
535163
535281
535365
535366
535385
535416
535435
535444
535692
535729
535770
535778
535945
535996
536161
536422
536486
536491
536573
536645
536804
536915
537015
537081
537130
537135
537169
537267
537409
537441
537560
537668
537786
537832
537909
537940
538102
538146
538175
538295
538571
538571
538629
538632
538652
538757
538773
538806
538984
539043
539117
539210
539229
539271
539326
539387
539447
539466
539493
539565
539604
539629
539679
539736
540031
540180
540280
540288
540323
540408
540508
540616
540620
540684
540738
540825
540885
541590
541597
541632
541828
541879
542064
542111
542189
542381
542563
542583
542878
542931
542973
543218
543397
543617
543705
543762
543773
543855
543901
543935
544182
544226
544359
544387
544471
544525
544534
544916
545146
545229
545285
545342
545436
545579
545844
545943
546037
546387
546511
546546
546578
546665
546752
547167
547217
547269
547303
547452
547459
547468
547594
547689
547753
547889
547957
547989
548250
548409
548836
548981
549046
549139
549213
549370
549373
549399
549438
549438
549518
549685
549694
549711
549852
549880
549953
550029
550074
550077
550080
550145
550265
550325
550380
550472
550486
550781
551049
551138
551538
551844
551856
551861
551866
551896
551956
551999
552180
552342
553197
553255
553328
553360
553771
553796
553881
554015
554021
554058
554066
554156
554168
554310
554370
554406
554511
554551
554746
554851
554869
554883
555220
555231
555258
555479
555684
555685
555834
555838
555903
556321
556391
556414
556655
556683
556687
556743
556777
556880
557113
557147
557188
557209
557419
557506
558029
558119
558162
558199
558287
558520
558634
558635
558794
558840
559322
559525
559946
559953
560030
560145
560249
560409
560410
560412
560507
560540
560611
560689
560771
560960
560985
560997
561015
561042
561045
561051
561060
561315
561347
561473
561653
561665
561947
561950
562049
562117
562163
562194
562275
562303
562328
562355
562598
562632
562930
562975
562989
563156
563225
563316
563569
563811
563824
563852
564005
564007
564209
564315
564378
564402
564445
564520
564535
564580
564592
564754
564803
564905
564922
565071
565075
565192
565204
565308
565390
565516
565519
565564
565628
565844
565846
565961
566131
566180
566198
566344
566413
566454
566567
566593
566603
566754
566818
566966
567120
567194
567244
567482
567826
567922
568007
568058
568155
568194
568205
568209
568360
568437
568469
568500
568566
568597
568884
568959
569007
569022
569340
569672
569721
569819
569830
569853
569855
569880
570302
570429
570440
570512
570599
570626
570753
571084
571280
571346
571349
571447
571467
571469
571492
571642
571759
571824
571868
571908
572374
572423
572474
572485
572711
572759
572784
572880
572915
573360
573508
573620
573747
573771
573973
574091
574194
574294
574479
574522
574532
574606
574659
574661
574700
574724
574973
575020
575040
575065
575091
575200
575386
575487
575567
575696
576111
576490
576551
576551
576707
576817
576870
577047
577055
577058
577228
577343
577393
577468
577481
577676
577892
577930
578184
578335
578411
578450
578572
578721
578872
578927
579000
579305
579336
579524
579541
579586
579785
580027
580114
580132
580149
580205
580280
580558
580749
580773
580814
580928
580946
580957
581003
581124
581155
581168
581212
581279
581561
581654
581725
581745
581877
581961
581989
582025
582330
582393
582414
582475
582547
582562
582564
582665
582722
582727
582732
582850
582879
583113
583152
583197
583279
583308
583311
583324
583353
583388
583391
583421
583579
583657
583686
583699
583709
583824
583826
584154
584201
584622
584695
584729
584832
584857
585027
585046
585125
585184
585369
585374
585550
585563
585848
585853
585855
585881
585929
586080
586187
586243
586366
586501
586701
586799
586867
586906
586969
587138
587225
587411
587642
587718
587885
587997
588062
588134
588149
588244
588266
588432
588467
588739
588790
588820
588839
589037
589130
589162
589233
589528
589575
589764
589775
589909
589915
589985
590114
590167
590503
590548
590622
590646
590673
590723
590890
591057
591191
591240
591273
591363
591400
591484
591730
592230
592260
592500
592563
592671
592711
592751
592818
592838
592971
593195
593297
593377
593549
593713
593813
594008
594049
594132
594198
594315
594335
594347
594400
594437
594526
594547
594648
594736
594803
594878
595047
595172
595180
595545
595658
595761
596339
596435
596505
596631
596667
596768
596785
596800
596932
597097
597102
597175
597182
597208
597297
597593
597764
597785
597806
598191
598377
598609
598647
598916
598988
598999
599120
599268
599286
599342
599417
599614
599735
599798
599860
599951
600015
600126
600261
600333
600428
600504
600540
600545
600691
600831
600883
600999
601069
601075
601395
601424
601561
601582
601637
601802
601935
602038
602240
602349
602363
602390
602446
602635
602978
603177
603217
603244
603393
603398
603549
603860
603905
604192
604326
604354
604410
604429
604445
604673
604890
605030
605329
605543
605588
605693
605874
605956
605965
606033
606102
606139
606159
606168
606315
606401
606459
606628
606658
606843
606856
606864
607004
607110
607119
607164
607400
607567
607582
607758
607773
607938
607978
608085
608090
608436
608639
608699
609108
609220
609279
609288
609311
609324
609333
609428
609662
609816
609859
609878
609909
609957
610022
610273
610301
610395
610418
610442
610488
610744
610844
610863
610915
610987
611184
611402
611452
611501
611677
611806
611833
611846
611911
611962
612006
612128
612258
612345
612547
612551
612573
612627
612739
612746
612827
612849
612865
612996
613149
613185
613452
613500
613610
613859
614351
614376
614743
614779
614802
614834
614834
614878
614893
614963
615067
615206
615275
615462
615626
615778
616089
616351
616615
616735
616779
616885
617067
617124
617149
617165
617227
617270
617317
617397
617599
617740
617895
618199
618329
618428
618784
618805
618839
618869
618968
619003
619005
619025
619139
619144
619182
619203
619309
619449
619502
619524
619790
619840
620111
620115
620193
620347
620490
620553
620756
620935
621017
621151
621220
621317
621339
621425
621452
621630
621649
621739
621787
622154
622185
622258
622289
622463
622482
622483
622524
622526
622647
622850
623133
623191
623327
623353
623581
623695
623821
623883
624063
624121
624127
624261
624394
624525
624546
624601
624608
624622
624715
624790
624817
624876
624986
625106
625252
625292
625386
625392
625404
625496
625512
625695
625733
625760
625961
626237
626430
626495
626521
626718
626739
626744
626786
627083
627095
627097
627123
627168
627183
627290
627295
627383
627399
627428
627458
627514
627661
627822
627874
627975
628028
628038
628100
628294
628336
628562
628675
628720
628760
628862
628962
628969
629036
629060
629088
629090
629106
629117
629176
629176
629177
629214
629328
629500
629683
629834
629864
630058
630062
630114
630175
630181
630366
630424
630480
630707
630712
630768
630840
630854
630921
631087
631244
631271
631369
631421
631534
631914
631934
631935
632104
632200
632286
632298
632514
632518
632522
632653
632727
633154
633200
633284
633312
633409
633488
633491
633531
633553
633567
633645
633656
633893
633915
633954
633957
634004
634159
634353
634400
634421
634504
634596
634725
634735
634786
634853
634907
635226
635258
635389
635454
635691
635730
635824
635998
636003
636125
636272
636358
636380
636657
636720
636732
636939
636944
636968
637054
637099
637148
637170
637234
637309
637445
637700
637729
637823
637859
637877
637930
638058
638103
638328
638331
638382
638584
638833
639112
639269
639316
639330
639490
639552
639608
639625
639701
639743
639753
639872
639965
640007
640191
640245
640245
640291
640410
640598
640777
640803
640821
640895
640900
640907
641127
641154
641195
641330
641393
641451
641810
642033
642135
642147
642215
642248
642319
642337
642367
642460
642539
642559
642566
642577
642678
642708
642722
642829
642904
642968
642988
642996
643164
643217
643255
643351
643494
643573
643714
643753
643839
643909
643919
643932
643982
644096
644121
644291
644322
644332
644340
644470
644547
644572
644593
644693
644905
644963
645075
645116
645140
645496
645682
646282
646320
646354
646364
646398
646404
646677
646709
646782
646811
646817
647140
647195
647205
647417
647435
647511
647525
647669
647671
647703
647765
647800
647946
647968
648007
648074
648080
648228
648271
648589
648669
648741
648776
648867
648919
649015
649353
649361
649363
649372
649475
649481
649596
649994
650071
650331
650349
650352
650433
650593
650733
651001
651107
651143
651208
651263
651450
651452
651655
651682
651761
651810
651816
651832
651882
651932
652093
652121
652268
652310
652385
652407
652478
652513
652598
652731
652780
652818
652860
653013
653488
653626
653690
653729
653785
653888
653920
654126
654150
654284
654520
654982
655007
655123
655383
655481
655603
655742
655788
655905
656008
656147
656230
656563
656613
656717
656751
656834
657080
657119
657132
657214
657352
657483
657513
657534
657566
657620
657665
657858
657911
658231
658556
658578
658589
658600
658833
658856
658965
659028
659056
659096
659283
659351
659471
659598
659782
659784
659839
660103
660202
660219
660245
660315
660502
660676
660812
660902
660956
660983
661136
661163
661307
661318
661408
661533
661623
661712
661842
661844
661974
662372
662374
662378
662431
662459
662568
662829
662898
663099
663137
663148
663247
663434
663442
663466
663478
663568
663665
663738
663766
663913
664099
664153
664226
664245
664275
664312
664427
664498
664748
664895
665114
665136
665164
665332
665726
665928
665992
666083
666095
666147
666259
666347
666559
666746
666796
666804
666865
666872
666880
667000
667031
667056
667130
667448
667555
667595
667671
667686
667694
667703
667738
667767
667890
667891
668170
668193
668459
668636
668824
668930
669216
669236
669245
669262
669425
669585
669601
669621
669648
669682
669787
669789
669791
669798
669958
669984
670110
670164
670277
670451
670509
670537
670575
670592
670727
670771
670868
671007
671090
671294
671295
671301
671516
671945
672099
672136
672158
672423
672585
672596
672602
672664
672760
672763
672909
673155
673263
673431
673548
673554
673638
673672
673673
673685
674027
674057
674074
674256
674330
674438
674489
674627
674689
674755
674766
674809
674889
675099
675166
675230
675247
675421
675548
675619
675631
675657
675713
675868
676124
676154
676189
676346
676895
676925
676935
676968
677024
677072
677121
677332
677799
677864
677979
678006
678016
678198
678200
678463
678483
678564
678710
678826
678838
678874
679013
679020
679102
679166
679333
679570
679781
679867
680024
680030
680040
680211
680258
680367
680546
680678
680850
680907
681049
681075
681199
681262
681271
681377
681418
681735
681828
681893
681943
681970
681976
682048
682326
682366
682393
682481
682568
682635
682675
682823
682884
682976
683101
683111
683206
683261
683276
683613
683931
684053
684142
684162
684288
684325
684442
684461
684581
684621
684676
684706
684726
684736
684903
684938
685141
685310
685333
685411
685478
685845
686027
686266
686323
686450
686920
687026
687185
687326
687370
687399
687547
687547
687609
687693
687815
687852
687868
687941
687941
687972
688232
688402
688403
688478
688541
688552
688629
688766
688847
688850
689116
689381
689416
689532
689565
689591
689597
689983
690037
690183
690229
690288
690364
690434
690509
690525
690770
690805
690873
691042
691067
691152
691232
691380
691617
691676
691771
691806
691811
691869
691924
691955
692015
692119
692140
692141
692379
692388
692510
692550
692695
693040
693050
693219
693220
693325
693348
693359
693424
693545
693940
693967
693993
694010
694056
694121
694142
694230
694239
694304
694329
694546
694549
694586
694618
694781
694931
695002
695045
695053
695160
695202
695548
695748
695813
695848
696065
696152
696293
696519
696587
696597
696747
697019
697222
697330
697391
697395
697661
697715
697738
697757
697777
697804
697919
697939
697971
698031
698205
698266
698581
698641
698671
698891
699062
699326
699415
699422
699466
699526
699596
699735
699739
699863
700040
700057
700122
700129
700150
700529
700723
700770
700770
700795
701087
701147
701210
701240
701350
701369
701404
701637
701662
701803
701851
702002
702027
702066
702079
702156
702194
702277
702470
702475
702603
702639
702661
702704
702730
703010
703041
703080
703197
703221
703233
703361
703436
703471
703488
703522
703589
703590
703804
703856
703922
704102
704206
704479
704549
704819
704934
704947
705197
705220
705304
705626
705701
705748
705749
705831
705929
705939
705940
706057
706239
706393
706465
706518
706615
706682
706704
707019
707205
707233
707649
707839
707953
708234
708293
708338
708403
708446
708719
708799
708900
709003
709030
709086
709203
709237
709238
709264
709288
709474
709631
709653
709692
709693
709898
709946
710096
710151
710310
710364
710404
710475
710485
710496
710658
710721
710938
710955
711273
711432
711508
711512
711801
711877
712016
712136
712188
712270
712464
712469
712516
712552
712671
712858
712969
712984
712984
713041
713063
713339
713370
713536
713602
713912
713972
714002
714061
714067
714078
714101
714152
714166
714433
714623
714684
714692
714969
715040
715044
715362
715451
715510
715526
715546
715660
715701
715918
715955
716116
716154
716312
716337
716357
716370
716401
716520
716641
716644
716832
716859
717036
717261
717681
717705
717794
717804
717858
717954
717991
718034
718205
718446
718499
718514
718519
718743
718771
718772
718862
718988
718994
719006
719087
719266
719437
719474
719502
719589
720147
720219
720391
720442
720454
720634
720670
720711
720930
720932
720949
720968
721477
721551
721630
721642
721814
721833
721910
721957
722010
722037
722375
722421
722466
722546
722771
722876
722917
722987
723147
723174
723214
723686
724020
724027
724060
724177
724209
724212
724304
724336
724361
724376
724397
724444
724471
724601
724649
724722
724726
724816
724907
725035
725093
725202
725656
725673
725729
725793
726155
726416
726541
726847
727009
727113
727189
727236
727320
727320
727420
727438
727640
727866
727882
728136
728191
728247
728279
728296
728313
728424
728443
728465
728585
728696
728767
728799
728862
728891
729046
729090
729090
729591
729610
729713
729883
729947
729962
730080
730144
730239
730373
730396
730667
730672
730786
730828
730926
731035
731055
731098
731139
731233
731254
731303
731634
731873
731970
731984
732178
732303
732387
732442
732569
732647
732662
732677
732681
733091
733234
733278
733869
734051
734072
734272
734280
734315
734425
734428
734626
734795
734802
735090
735154
735161
735374
735404
735469
735482
735549
735639
735647
735745
735776
735990
736032
736129
736388
736427
736617
736633
736712
736721
736747
737113
737270
737284
737365
737380
737516
737576
737600
737636
737750
737752
737870
737893
737910
737974
737998
738064
738182
738312
738411
738586
738942
738987
739011
739118
739287
739449
739481
739556
739654
739859
739920
740026
740029
740137
740173
740219
740270
740273
740519
740755
740825
741003
741015
741107
741479
741517
741537
741551
741611
741798
742022
742421
742475
742687
742755
742765
742825
742901
743127
743463
743551
743636
743655
743955
744074
744094
744181
744225
744344
744348
744378
744408
744426
744487
744591
744591
744756
744853
745099
745133
745179
745221
745410
745434
745658
745717
745755
745794
745800
745917
746004
746033
746130
746198
746452
746498
746669
746736
746887
746980
747400
747504
747670
747788
748022
748391
748402
748497
748501
748661
748717
749122
749342
749352
749383
749395
749428
749784
749789
749992
750003
750289
750336
750487
750656
751015
751044
751188
751304
751483
751512
751526
751555
751584
751588
751626
751663
751837
751947
751967
752006
752094
752113
752126
752200
752379
752598
752618
752836
752874
752944
752976
752983
753021
753345
753349
753368
753582
753639
753929
754011
754156
754659
754700
754729
754815
754858
755152
755255
755488
755531
755571
755911
756003
756082
756091
756201
756348
756352
756354
756487
756618
757067
757095
757188
757470
757509
757628
757788
757899
758033
758439
758475
758512
758974
759075
759139
759151
759322
759388
759467
759528
759592
759603
759715
759855
760530
760563
760566
760626
760669
760924
761061
761090
761220
761316
761344
761371
761632
761636
761646
761674
761773
761856
761973
762021
762185
762214
762394
762438
762557
762558
762561
762996
763016
763017
763094
763098
763122
763182
763227
763310
763325
763387
763694
763749
763771
764165
764175
764206
764220
764426
764662
764685
764708
764875
764951
765047
765094
765116
765131
765527
765566
765894
765948
765966
765992
766052
766297
766516
766539
766546
766622
766626
766675
766922
766946
766995
767077
767132
767145
767211
767265
767267
767421
767504
767574
767632
768203
768283
768399
768409
768449
768615
768640
768656
768753
768854
768912
769117
769237
769316
769538
769842
769858
769967
769987
770076
770119
770148
770210
770312
770486
770496
770517
770755
770779
771143
771362
771443
771538
771568
771616
771680
771755
771869
772081
772156
772187
772189
772294
772299
772400
772401
772646
772669
772911
772954
772992
773017
773145
773439
773520
773570
773576
773688
773781
773813
774150
774378
774406
774583
774771
774871
774932
775201
775221
775256
775432
775449
775456
775558
775708
775751
775808
775992
776076
776299
776545
776574
776617
776633
776654
776874
777227
777329
777541
777652
777658
777705
777853
777904
778184
778253
778323
778474
778479
778541
778752
778771
778853
779024
779192
779507
779613
779695
779809
779810
779817
780448
780715
780797
780825
780848
780940
780991
781081
781228
781305
781386
781515
781575
781650
781680
781776
781807
781980
782144
782160
782222
782363
782441
782524
782731
782839
782930
783094
783273
783867
784514
784595
784860
784988
784989
785042
785045
785075
785076
785214
785261
785615
785892
785914
786072
786116
786216
786300
786360
786570
786644
786655
786913
787054
787056
787224
787286
787428
787439
787865
787867
787873
787890
787984
788094
788119
788144
788168
788197
788320
788358
788492
788516
788548
788569
788605
788680
788680
788845
788915
789145
789245
789262
789313
789539
789587
789598
789604
789634
789966
790082
790174
790480
790493
790515
790614
790708
790797
790866
790877
791095
791203
791307
791658
791881
791940
792017
792058
792313
792344
792362
792404
792406
792542
792587
792628
792746
792796
792999
793033
793233
793263
793407
793447
793449
793464
793489
793624
793690
793704
793753
793956
794009
794190
794196
794238
794436
794533
794554
794606
794611
794702
794774
794822
794862
794997
795295
795313
795367
795493
795513
795535
795602
795720
796045
796105
796371
796461
796603
796682
796812
796840
796953
797004
797023
797038
797239
797384
797414
797593
797729
797776
797805
797820
797855
797945
798187
798208
798210
798279
798457
798515
798530
798651
798676
798719
798818
798841
799034
799076
799167
799340
799351
799389
799460
799719
799855
800060
800080
800099
800150
800562
800570
800647
800791
800864
801563
801680
802045
802232
802261
802292
802635
802677
802686
802941
803363
803405
803431
803492
803514
803525
803626
803737
803794
803807
803841
803845
803923
803956
804054
804061
804223
804240
804386
804434
804567
804580
804635
804720
804872
804965
804984
805113
805154
805330
805471
805626
805628
805813
805989
806160
806207
806215
806248
806408
806530
806591
806645
806654
806684
806701
806852
807127
807397
807459
807469
807505
807556
807563
807592
807810
807844
807880
808007
808136
808203
808347
808384
808564
808729
808733
808740
808774
808803
808851
808919
808999
809097
809190
809273
809388
809550
809930
809935
810001
810088
810102
810323
810336
810400
810512
810535
810589
810597
810601
810626
810636
810667
810668
810743
810840
810852
810898
810981
811214
811225
811233
811290
811421
811509
811541
811651
811908
812061
812068
812072
812146
812190
812193
812319
812450
812500
812500
812592
812631
812674
812767
812913
812951
813081
813271
813372
813377
813520
813662
813856
814027
814230
814381
814480
814799
814836
814933
814989
814999
815294
815295
815533
815557
815690
816124
816173
816190
816309
816366
816388
816547
816552
816780
816799
816957
817320
817382
817487
817521
817525
817702
817723
817909
818135
818242
818477
818601
818640
818759
818761
818786
818868
819156
819157
819162
819206
819480
819482
819485
819487
819534
819567
819574
820030
820118
820122
820140
820161
820177
820178
820184
820411
820421
820476
820584
820645
820713
820721
820745
820877
820955
821024
821053
821139
821382
821577
821608
821726
821866
821887
821964
822067
822566
822604
822611
822653
822835
822970
823005
823107
823112
823194
823318
823599
823601
823681
823717
823761
823805
824060
824089
824272
824482
824541
824742
824812
824872
824938
824942
825011
825118
825467
825489
825575
825705
825838
825868
825909
826180
826217
826261
826463
826818
826883
826923
826937
826965
827125
827165
827284
827449
827883
827889
828229
828357
828411
828497
828524
828533
828792
828805
828907
828918
829021
829034
829260
829272
829343
829564
829696
829718
829886
830052
830116
830229
830238
830269
830443
830497
830520
830576
830735
831064
831349
831379
831476
831486
831686
831853
831889
831913
832013
832032
832273
832278
832469
832471
832497
832553
832638
832738
832850
832884
832902
833039
833052
833085
833525
833525
833647
833729
833767
833846
833849
834050
834116
834171
834175
834349
834375
834385
834455
834500
834922
834953
835086
835164
835382
835460
835587
835677
835992
836004
836010
836021
836156
836166
836546
836606
836710
836766
836954
837037
837070
837186
837190
837350
837504
837536
837546
837695
837721
837883
837934
837956
837983
838011
838132
838157
838328
838372
838436
838491
838593
838717
838733
838782
838930
838965
839184
839641
839757
839757
839778
839882
839953
839962
839981
839985
839986
840034
840071
840091
840121
840296
840560
840560
840684
840717
840855
840866
840898
841117
841430
841653
841848
842024
842046
842112
842169
842255
842370
842530
842568
842761
842978
843043
843053
843175
843352
843419
843457
843502
843663
843670
843685
843808
843904
844210
844267
844452
844511
844553
844755
845156
845335
845398
845419
845579
845582
845598
845745
845797
845847
846377
846441
846641
846809
846880
846903
846949
846967
846977
847002
847115
847449
847458
847483
847531
847538
847631
847738
847788
847800
847945
848021
848124
848195
848425
848552
848656
848762
848772
848813
849006
849012
849029
849426
849450
849532
849602
849677
849750
849884
849912
850060
850061
850100
850159
850174
850183
850237
850459
850508
850657
850815
850926
851236
851277
851339
851342
851465
851519
851598
851605
851635
851653
851766
851817
851954
851997
851998
852292
852311
852321
852418
852460
852521
852575
852716
852808
852841
852975
853106
853281
853372
853542
853555
853558
853583
853643
853854
853937
854113
854140
854266
854386
854574
854657
854659
854690
854767
854783
854882
854926
855236
855241
855335
855412
855421
855423
855501
855584
855731
855922
855971
856095
856163
856232
856245
856581
856698
857045
857211
857293
857493
857625
857665
857693
857729
857839
857912
857961
858006
858116
858170
858325
858430
858539
858609
858653
858658
858756
858973
858993
859031
859261
859766
859786
859904
859909
859923
859969
860008
860062
860339
860349
860363
860368
860584
860645
860674
860859
861028
861030
861123
861137
861178
861289
861327
861493
861520
861557
861815
861873
861938
862014
862125
862285
862375
862735
862889
862992
863206
863276
863377
863471
863590
863622
864236
864303
864359
864400
864417
864497
864504
864679
864838
864859
865044
865056
865185
865335
865517
865552
865812
865968
865974
865993
866002
866025
866084
866281
866287
866366
866527
866551
866568
866676
866766
866872
866908
866964
867030
867122
867278
867303
867393
867404
867425
867444
867525
867565
867715
867759
868001
868029
868066
868114
868179
868319
868355
868535
868689
868867
868969
869032
869197
869223
869372
869738
869760
869800
869921
869952
870002
870010
870037
870051
870073
870241
870291
870301
870358
870440
870482
870593
870667
870675
870998
871086
871270
871370
871386
871484
871616
871633
871783
871804
871838
871884
872011
872061
872477
872582
872671
872779
872818
872940
872982
873147
873329
873330
873518
873663
873745
873782
873973
874138
874287
874311
874330
874443
874658
874879
875105
875126
875308
875546
875596
875878
876086
876122
876286
876319
876386
876570
876615
876750
876839
876884
877097
877206
877362
877444
877539
877548
877635
877850
877997
878196
878363
878380
878453
878459
878518
878587
878663
878896
879003
879029
879168
879385
879588
879700
879802
879862
879918
880424
880445
880459
880549
880610
880618
880678
880722
880795
880829
881038
881088
881170
881301
881351
881506
881615
881686
881732
881760
881967
882081
882114
882160
882253
882426
882494
882652
882693
882777
882830
882862
882911
882943
883349
883504
883520
883599
883605
883685
883869
883879
884042
884067
884157
884229
884253
884269
884269
884714
884834
884892
885009
885202
885296
885330
885474
885737
885981
886081
886110
886277
886368
886459
886474
886629
886631
886697
886827
886849
886916
886951
887085
887280
887443
887487
887505
887675
887881
887903
888005
888047
888067
888315
888405
888412
888455
888531
888644
888757
888766
888914
889045
889054
889252
889274
889361
889491
889577
889682
889697
889730
889850
889886
889906
889960
890083
890105
890215
890229
890239
890249
890404
890468
890850
891064
891255
891262
891657
891724
891756
891841
891908
892011
892055
892078
892096
892222
892320
892432
892657
892749
892752
892827
892891
893074
893118
893232
893370
893403
893514
893544
893619
893897
893906
894056
894104
894382
894633
894693
894822
895058
895127
895222
895392
895449
895477
895673
895742
895889
895943
896058
896093
896302
896378
896378
896410
896477
896566
896589
896710
896882
896996
897076
897100
897199
897330
897485
897728
897816
898114
898211
898370
898393
898574
898626
899019
899353
899387
899438
899503
899586
899682
899695
899713
899775
899952
899972
900238
900324
900330
900594
900602
900753
900783
900844
900963
901061
901092
901166
901214
901426
901452
901589
901634
901758
901805
901843
901973
902027
902128
902143
902151
902315
902378
902426
902457
902544
902600
902620
902651
902755
902914
902931
902990
903067
903070
903319
903350
903386
903554
903659
903790
903820
904058
904523
904557
904579
904703
904781
905114
905188
905315
905589
905705
906073
906085
906318
906619
906860
906922
906934
907083
907217
907275
907623
907685
907802
907834
908012
908189
908249
908412
908614
908771
908831
908980
909068
909140
909294
909335
909380
909482
909563
909568
909605
909710
909763
909889
909891
909959
910115
910455
910493
910560
910746
910792
910807
910843
910862
910876
911094
911107
911178
911204
911311
911341
911346
911389
911393
911429
911527
911624
911726
911877
911980
912036
912042
912074
912234
912274
912292
912306
912349
912414
912480
912551
912641
912966
913090
913094
913492
913563
913811
913893
913922
914159
914178
914255
914281
914316
914455
914496
914674
914870
914999
915084
915383
915498
915661
915743
915752
915829
915834
915862
915892
915985
916025
916034
916042
916059
916123
916158
916260
916301
916492
916580
916811
916849
916862
916906
917015
917182
917510
917980
918030
918271
918302
918537
918560
918651
918652
918710
918730
918743
918757
919055
919055
919226
919253
919261
919467
919733
919744
919953
920042
920178
920300
920470
920497
920582
920638
920667
920854
921014
921059
921171
921201
921303
921360
921471
921646
921806
921817
921933
921973
922019
922079
922083
922307
922665
922810
922825
922897
922905
923091
923254
923384
923395
923447
923484
923539
923765
923799
923838
924004
924006
924046
924053
924078
924166
924198
924361
924396
924424
924461
924540
924550
924604
924700
924758
924783
924903
925006
925021
925086
925147
925203
925213
925353
925536
925605
925684
925735
925819
925843
925975
926228
926547
926940
927192
927271
927316
927330
927459
927607
927800
927811
927865
928201
928355
928494
928588
928713
928730
928880
928998
929083
929144
929218
929526
929529
929549
929819
929820
929858
929867
930154
930197
930218
930312
930341
930485
930498
930787
930870
930887
930975
931253
931286
931298
931355
931390
931402
931576
931668
931681
931719
931722
931747
931892
932100
932177
932307
932435
932460
932488
932519
932642
932832
932946
932981
933245
933314
933485
933511
933594
933625
933626
933833
934066
934211
934246
934289
934589
934842
935067
935102
935154
935502
935674
935689
935720
935767
935780
936030
936153
936248
936262
936439
936534
936607
936647
936829
936854
937421
937573
937746
937772
937889
937928
938012
938192
938260
938344
938753
938886
938940
938960
939205
939247
939294
939389
939570
939648
940182
940269
940415
940455
940664
940758
940915
941067
941067
941195
941368
941559
941594
941671
941683
941878
942163
942343
942464
942704
942810
943087
943194
943314
943404
943516
943524
943736
943761
943793
944156
944213
944481
944554
944557
944666
944768
944784
944822
944868
944959
945016
945082
945167
945449
945506
945526
945537
945628
945789
946044
946045
946054
946095
946098
946139
946336
946566
946629
946671
946725
946776
946915
946948
947026
947124
947126
947229
947429
947650
947729
947851
947874
948023
948024
948218
948285
948395
948497
948507
948550
948677
948681
948864
948936
948994
949116
949413
949480
949530
949740
949860
949948
950180
950267
950290
950355
950410
950449
950536
950578
950609
950695
950730
950817
951239
951362
951371
951537
951663
951689
951810
951825
951861
951993
952122
952298
952454
952527
952710
952765
952899
953050
953110
953170
953227
953247
953291
953484
953667
953717
953792
953841
953870
953892
953988
954130
954157
954293
954367
954444
954462
954525
954533
954649
954827
954876
954887
954949
955004
955537
955548
955620
955684
955686
955723
956190
956229
956311
956346
956600
956615
956743
956779
956842
957096
957137
957201
957223
957320
957351
957683
957772
957917
957971
957993
958023
958278
958297
958628
958706
958841
958876
958928
959012
959035
959065
959097
959223
959439
959524
959606
959723
959770
960002
960172
960578
960819
960862
960902
960920
960931
960954
960979
961009
961035
961093
961156
961164
961308
961491
961662
961952
962039
962042
962285
962287
962398
962443
962459
963272
963284
963290
963339
963450
963643
963761
963843
963845
964290
964291
964467
964807
964811
964821
965518
965640
965705
965868
965898
965949
966064
966087
966238
966281
966469
966568
966589
966633
966932
967298
967443
967450
967456
967706
967786
967892
967901
967983
967996
968311
968386
968423
968432
968590
968751
968833
968929
968978
969177
969186
969401
969433
969733
969742
969775
969861
969955
970189
970353
970363
970372
970431
970435
970513
970636
970722
970768
970778
970780
970886
970903
970919
971394
971456
971466
971524
971561
971645
971651
971720
971960
972078
972119
972248
972354
972383
972428
972433
972492
972505
972635
972695
972713
972884
972903
973026
973154
973246
973334
973418
973787
973796
973984
974055
974194
974423
974456
974579
974599
974986
975015
975046
975070
975260
975286
975306
975333
975361
975363
975399
975442
975604
975698
975699
975784
975860
975891
976014
976035
976492
976701
976703
976705
976982
976987
976993
977000
977029
977173
977314
977633
977838
977882
977944
978146
978222
978273
978320
978489
978509
978525
978567
978683
978694
978762
978812
978814
978934
979118
979142
979290
979357
979410
979484
979516
979529
979554
979816
979835
979874
979876
979885
979907
980110
980291
980337
980383
980391
980572
980649
980734
980772
980813
980986
981007
981075
981123
981189
981233
981245
981248
981409
981576
981632
981754
981845
981987
982043
982047
982119
982203
982303
982377
982405
982421
982465
982465
982591
982653
982799
982988
983008
983038
983142
983295
983466
983755
983810
983886
983962
983980
984005
984038
984219
984263
984265
984332
984346
984388
984544
984638
984660
984689
984799
984994
985035
985040
985091
985147
985391
985555
985737
986064
986072
986147
986393
986616
986724
986837
986912
986929
987253
987411
987412
987471
987476
987493
987619
987629
987658
987742
987813
987835
987908
988013
988090
988214
988218
988380
988402
988435
988500
988574
988670
988725
988956
989216
989340
989349
989506
989610
989714
989844
989867
990007
990100
990130
990139
990190
990231
990253
990268
990315
990316
990686
990911
990971
991100
991154
991420
991621
991647
992134
992160
992256
992266
992367
992373
992433
992485
992557
992703
992731
992745
992964
992975
993014
993231
993234
993282
993304
993387
993405
993677
993774
993781
993835
994047
994127
994214
994563
994710
994862
994869
994887
994953
994982
995013
995022
995085
995183
995331
995502
995810
995919
996136
996195
996368
996458
996505
996518
996610
996613
996710
996718
996882
997270
997323
997439
997780
997995
998059
998199
998361
998491
998633
998989
999122
999341
999364
999468
999586
999587
999631
999706
999831
999878
999956
999959
999996