41575
105095
718205
142094
699062
353792
943524
78809
26974
523183
90288
74142
293873
674689
651882
324823
990130
188234
858658
26161
510986
272485
316358
377158
810088
598647
812450
899438
924053
683276
953870
425756
216271
698891
703488
404881
962285
975784
599417
825575
267390
765527
438740
967786
666746
2146
630480
369050
951
836166
954157
59852
415005
196909
237129
138605
579524
98953
630854
632298
820184
30495
299066
181617
665136
599286
420773
65051
652860
609428
899972
672909
938344
247617
519471
244851
149020
864504
364914
899503
479735
424123
31131
284640
40994
38398
885330
401162
414843
166229
260198
408783
880459
30631
669798
417659
957971
200797
993677
420896
599268
266162
18307
594400
775992
469080
178327
850060
192395
6783
490258
47792
131522
736712
382983
318829
370757
575696
473802
147736
751967
153679
126666
712516
277565
206297
672763
216270
200999
651682
614743
884253
325835
843502
694142
192509
355461
141148
267759
31572
981189
500333
204769
577892
686266
304398
911107
538571
945628
340078
292456
952454
618968
750487
724027
11132
505444
684053
459626
266298
111986
706239
473737
642577
295946
694121
135631
554370
230693
944768
621630
931253
819485
846949
737752
260855
475802
823318
661136
920178
963272
971960
901452
480981
30338
712188
191336
657858
381412
395070
953247
311243
162855
580149
635258
322444
915383
239336
627083
676346
739481
110508
765566
255338
302079
302947
478588
807563
908831
696293
23920
535692
230039
727236
285343
188924
720930
75029
272770
744487
919253
563316
902027
428304
496599
382322
111746
530652
612746
748497
381887
849426
820476
414009
715451
934289
679166
134657
651655
114894
854113
949530
501372
662829
515810
300662
609311
893906
697661
962287
231535
851998
159286
17255
351315
543773
36992
160037
195939
507423
910862
83406
80729
960920
927330
651450
874311
450985
124079
734626
469413
849602
984799
848813
810400
235174
301689
290691
93802
218804
252995
371253
795602
56950
538295
417618
463303
891908
134135
723214
649361
998633
675619
853372
19093
750656
690037
527971
118195
63038
202875
209334
354388
859909
199098
838733
233385
654126
885981
230432
579541
342320
155166
523500
884042
2784
44519
85664
180166
979907
987742
312947
334189
324047
31722
114641
216021
388267
968432
148204
867715
134036
169218
921059
351907
726847
142704
614834
633531
219028
453525
525307
50910
535365
125777
925086
462117
441973
127020
460482
978567
553796
258023
479862
944554
794533
271258
164685
550472
938260
106830
957223
206359
159162
379355
80984
916849
981123
990268
860363
606856
373493
761973
741611
687609
456990
483467
798818
942163
490998
653690
674809
870241
794997
470589
152480
260498
463956
700795
409031
651001
978525
22002
439439
920667
158526
9256
939205
475018
816957
503901
440832
260256
77830
383894
962443
383207
177153
654284
582732
455568
68730
587718
675868
401139
235962
177203
896996
176815
179362
301806
464247
838011
36593
391426
239602
587225
946671
491833
285398
721630
679781
434626
808347
752836
550074
964811
112028
259565
132498
300275
817382
353888
134936
80345
193692
819482
208765
959524
516535
512311
752006
11315
222861
210224
55874
106317
219076
337275
633957
766995
515185
139090
902128
670509
320715
219938
858653
485358
998059
266200
762021
554021
259168
172454
107267
421656
749395
924046
200892
235500
805471
228172
21623
524826
622289
60418
14178
822653
531993
12223
960979
633645
30510
785214
150740
512255
203328
441487
138596
355117
529646
642566
536573
863377
598988
267568
21657
972505
541590
594132
668459
644693
778479
286220
890468
365563
182919
423078
852292
386171
151788
681377
961952
728313
322677
815690
128009
31406
4473
995502
889682
279160
36266
579586
423323
96019
922810
977838
845582
862375
535281
952122
353014
912074
630768
680546
192066
663665
903820
142807
311437
172009
630424
619144
724722
920497
469469
536486
463995
482959
986147
869032
995085
701404
945526
528223
708293
240915
398057
231168
921471
289690
793956
496991
802635
385035
481034
66613
679013
562632
589162
221052
846441
315357
20546
972078
855412
810898
656834
732303
880618
585125
76598
581279
252338
38972
292286
481731
605956
381603
624546
727882
817702
625496
827165
469114
430130
695160
710955
260438
954367
24532
72056
696597
459752
793753
947874
150854
317913
642460
669216
627383
740137
853281
926228
215190
689565
278489
326431
468971
458956
728891
599342
180691
52422
312619
156108
105690
227009
167102
692695
391308
647140
807592
756352
960931
773145
331150
971651
293519
428151
973334
523052
72575
705748
233163
917980
146893
131894
339747
981233
653888
502965
206757
349862
506860
584857
580957
997995
842112
789634
877635
603398
448885
69116
833849
414254
970189
933511
252661
418096
77370
684142
148384
252518
685333
332109
953667
416413
959035
72238
408737
795367
121742
691811
698641
854783
35321
812913
356535
701851
216944
170582
992266
621339
377631
742022
449646
55896
657214
935674
918730
849750
632522
571469
327051
696747
916260
919733
516484
299418
59059
972354
738942
798208
669601
165064
117455
250585
290371
903319
982421
475642
529314
642367
449483
232627
260342
175861
429061
725035
879700
363560
637170
392338
123409
42253
781515
404150
627168
812592
35629
431575
243548
2824
652513
186086
763182
945082
60433
132875
318722
365703
759528
618839
364079
113392
110530
292605
550781
813856
890083
485895
282029
436966
752094
176908
705749
63048
203730
791307
865993
964821
572915
810336
593195
394436
990007
172681
234387
588149
695002
644470
666804
512222
789313
360607
859969
763694
275256
195837
231343
281436
910843
7093
658600
270993
609878
848762
824942
343202
356671
916862
345218
351896
886629
374621
590890
235626
470544
326987
187176
144893
788320
539210
581989
8142
903070
678006
554746
404040
904781
316189
503144
669682
301577
87872
907802
104043
506230
581654
889045
984265
394583
125373
785914
349710
829343
73857
118028
326787
894822
365166
182941
298137
382057
199342
236954
222220
924004
906922
367722
155354
489546
406288
915084
104918
781575
63453
535444
388116
69803
16725
625386
868535
204210
814027
868867
735647
551999
85841
805330
858609
311932
15545
679102
476998
527370
729713
402930
496342
275356
804580
941671
344022
506116
851817
814836
549213
545229
124486
759715
980572
910746
591484
844452
76530
238940
19986
538629
236504
318296
626521
960902
943314
374233
673685
468078
433279
22251
157645
822970
915862
923838
374705
440730
755152
529252
373854
506706
556414
612827
153740
78177
229453
220279
925975
408966
239105
205419
527812
810852
812674
692510
597297
90050
803525
134402
697971
109377
976492
255672
888412
396585
392754
132591
652407
141931
504736
431115
186662
861289
324810
527243
411894
379537
668824
912042
715362
875596
758974
957096
627290
376205
873973
896378
662374
142836
978694
542583
932488
348730
942810
889960
636657
876122
279129
95965
980813
948936
767421
849884
455496
674438
100775
339876
993781
549438
98236
826217
31336
987411
308989
820178
4618
643982
158189
375484
147167
277029
110700
895742
621017
633656
359499
923484
364733
745755
408476
379630
12316
23919
483182
397927
853583
96256
942343
484454
792017
282010
408067
560409
486027
536915
972433
551866
620935
354869
922897
473393
628038
630181
245674
720968
630114
29254
810001
20607
595761
770779
506617
988956
266580
227030
762561
543617
176244
1230
450171
358843
751663
459489
133962
911311
585184
154750
569022
855971
122302
953717
489294
503466
889491
305626
47220
514130
578721
871484
814799
619139
386894
628720
788548
691380
433846
257781
151672
500439
726541
799076
364017
414078
369692
959606
84719
752598
531887
584154
48685
744074
935102
650331
399757
520530
770517
667890
777904
451869
529447
736388
984660
621220
569830
781081
516119
720670
229811
966087
1519
170542
807459
990139
914674
353899
821608
927607
95441
788094
21314
988013
375915
714152
399545
923765
136228
141918
359274
514080
229644
857293
485152
867278
405380
98364
790708
89663
663568
898114
341309
441784
474996
988090
592260
449971
516660
998199
223862
761856
71540
560689
488292
21511
171229
286101
486645
770312
851997
53760
993234
781680
843808
268077
765116
293577
881615
208327
465917
118360
847800
339785
198810
548409
309814
5923
888005
403558
861938
79377
419914
196146
956842
76194
993231
44558
21803
243977
28330
797855
177015
812319
320704
861178
32583
209768
268800
600333
601561
484214
601802
513471
589909
190206
874330
27567
638382
698266
315683
382539
491475
276252
139382
448317
419374
749784
719006
626739
574659
560997
382134
341042
810626
206650
943761
202735
811290
53998
600428
768656
926940
304716
807469
623883
290142
462219
832471
583311
158220
696587
318746
816366
865968
611806
35704
254766
376163
199219
911877
647669
347129
61279
357185
370094
854657
267434
41725
418152
83360
122162
634725
68401
681943
568360
554310
369538
61159
447364
351558
535366
117662
911393
914496
83546
549880
356496
486090
58980
149761
780940
909294
347098
671301
655383
99460
402503
211931
751044
433067
620553
788492
428018
741517
86686
303967
62906
838965
499019
70496
74354
560611
379075
204948
601424
792542
366018
793624
763016
50047
121097
728465
239166
839953
351174
724361
645075
997439
591273
628100
768203
961491
116278
672423
173189
76598
529538
846903
974579
623581
721642
991420
742901
579336
562194
219744
326462
378317
221244
206305
514798
950267
355605
717261
803492
83887
597175
470850
836010
420138
829021
910876
661533
972119
928880
369985
192138
762557
232248
256124
975333
923384
764220
560412
112473
734795
842370
787873
139548
499146
776545
793407
842
38963
707233
601637
607164
914281
898574
858756
471976
768753
66573
235007
207740
438933
704206
94553
691152
263495
416649
232293
433999
702194
25989
130229
445845
257865
961164
286265
10734
391198
968929
585046
384322
572759
819487
982988
945016
966932
564922
232267
82185
702066
665114
805628
948023
778474
224077
30616
226001
130769
574194
565192
101178
500924
689591
208838
491444
374112
580749
902544
771538
684903
793464
606315
588467
196246
33134
421589
462753
859904
384798
506730
93416
766626
199687
893544
357412
37008
3
299635
72318
845598
446652
730786
77525
158862
47823
931390
454619
888531
652478
903659
587885
403941
966589
792344
851605
231691
539565
222958
23751
761061
341703
366342
132907
863622
693359
609909
724816
791658
611962
29796
889730
229325
802686
160758
437075
681262
947429
669958
629177
138110
25478
978222
185163
116182
533103
408097
75078
191236
261945
788144
601582
320085
929549
489587
853643
640245
370343
178758
540825
585550
684288
825705
966568
17508
979118
583279
706615
459239
233819
857493
781650
72017
631087
237541
150355
314513
88809
818786
799460
75819
371557
249619
786360
629176
702002
176657
179835
285463
397472
828533
837504
901634
848021
538984
82372
182370
864497
726155
985737
197161
981632
342333
550077
161385
877850
788915
670727
688403
796461
763325
353214
585855
559953
624622
149191
547957
216835
772401
284632
760924
495408
147852
517531
70759
847115
684162
962042
647435
782222
496445
117814
818868
705197
970353
917510
226899
860674
704819
9292
146643
546037
220716
34697
657534
772294
622524
879168
152347
924461
953170
550380
254283
99001
70879
72564
351848
975070
935067
136516
470004
45454
272474
265668
218859
27081
216849
558162
710096
773520
54292
899353
545342
174130
999996
507228
336021
364745
149570
659471
651816
964807
495522
915752
293963
546511
884892
219463
287872
841117
198701
523066
82397
852311
561060
145085
32538
229097
843419
515383
438306
838491
411096
274774
577930
797384
111812
791881
189868
694329
756003
921201
86996
483984
139581
63842
474230
95787
52235
449757
384945
188495
379130
916811
241779
679333
345173
229624
932435
254279
333772
691955
603905
451309
88519
404374
531604
712016
638328
308981
135141
876286
49304
324093
337556
137688
923447
19444
978814
873663
199423
988380
141331
718446
992964
610022
283682
367344
810668
431493
664498
264850
826180
900602
388538
532761
428991
146867
195427
79899
228378
486354
966633
256902
264271
870358
245904
479845
961093
381269
655788
551049
330673
990911
976993
795295
530078
424770
724444
80454
866908
76019
848552
356697
872982
572711
143379
198162
377288
833052
497604
145230
71725
342286
925353
652780
250924
481051
276390
212912
32653
119894
317390
972903
746669
263563
689
94120
840898
310465
818477
700529
604192
776654
68136
36884
614376
455916
558840
819157
288326
291952
872582
802292
521558
609108
616089
40268
878380
491194
646398
70516
189333
868969
366379
107799
616735
776076
808733
374196
886110
712464
537081
421214
294990
294312
198757
14989
948395
757788
701662
570302
473768
36215
142286
925605
300465
436624
352923
478079
40253
149310
53716
330749
345779
381526
951689
540738
261477
982303
93623
199022
524679
980734
389429
4226
554015
340627
33564
38696
781776
400257
363159
339756
388089
354289
300157
451767
355179
316969
358751
257137
232860
487212
956346
609288
623821
481030
408224
833647
251190
52258
259787
469401
787984
984994
725093
660103
541879
96576
138235
878896
943793
889886
931668
857912
359633
900783
538175
68127
160157
221874
161253
56611
14281
50706
431318
916580
565308
592671
165575
526857
76780
522594
941878
341388
156668
313578
298249
808729
754729
96699
124549
282818
687815
549370
162213
546578
698671
6919
491310
241721
653013
931747
852575
620347
504240
464084
434200
910115
349205
838372
796045
638103
702730
382706
871838
41141
811214
287273
997270
727438
634353
508776
55292
305431
70916
30135
383721
310365
45078
703856
299913
711877
648271
414585
685478
904523
186155
568058
312714
145477
672099
2407
751626
554551
273867
793033
958841
512827
809550
141394
914455
214124
778253
141428
738586
565846
306406
144487
18881
179023
636003
996710
979516
959723
212010
616885
501891
408434
295738
583657
514998
39482
277967
982465
737576
611911
191161
355450
524045
308954
592818
827284
426940
955620
709693
615206
619502
621425
260537
788119
916059
363344
217050
590548
255401
900324
713041
444645
405073
446548
104804
98526
589915
384237
223484
591730
744756
866766
983295
711801
658856
32255
803514
533448
683206
949740
456824
251292
975015
775751
665332
199331
119068
174566
360498
629088
119869
508182
277443
653785
48161
560410
513688
740270
741107
447289
447075
865552
108110
112409
421177
450746
966064
244472
295108
447022
535385
569007
365155
550265
79332
291885
70001
402732
762996
573973
960578
271892
901092
580280
759388
821887
789539
924540
876615
948994
886459
783867
769117
983142
339409
529247
215297
806654
50900
58178
743463
158234
814999
238616
38360
740029
525148
657483
893403
845398
318412
304488
764951
853937
150227
92141
352268
899682
396320
716337
439502
178864
353705
629060
865044
691067
216519
561051
816190
611501
854266
964291
703041
127534
649481
34732
474779
789262
22967
286692
337338
911527
591400
706393
93297
354111
238554
555479
288238
700057
950536
681976
534251
842530
219055
540180
345093
714002
512479
810981
637148
810589
348929
691676
777541
763310
654982
40648
552180
944959
161037
916123
215175
744426
600999
578872
518898
311101
519025
676968
705701
774406
882081
145383
180374
625695
800791
145903
24446
225384
510192
793233
539736
94634
43871
808919
822611
378013
920300
766946
519944
212727
509149
661712
128878
857625
407020
829696
642996
182563
735404
483369
625252
214103
727189
624261
740026
840866
502354
51955
137914
358488
724907
948218
622154
569819
418900
531575
893074
418032
413488
290788
387127
432086
193298
621317
856095
644291
766297
305851
65133
419726
281945
57052
568469
589037
646782
502426
288139
494570
218680
672136
201229
50989
660812
998989
634735
262797
301927
454862
227539
395337
391086
472132
693050
68894
619003
296234
282413
770486
18060
244837
608699
130146
947729
946098
150875
956600
668170
68252
635454
735154
362657
502268
383022
42431
44092
648074
89627
530039
749352
764662
971561
792058
434063
571280
527354
624127
161040
116068
278060
125725
294162
603549
245497
405949
467947
744344
687370
25143
575
755255
699596
463147
618199
322954
453580
350595
834175
388512
867759
564905
399807
82178
300243
75838
561315
899586
55868
651932
148156
809930
359161
953050
218547
662568
151265
149338
651761
355770
958928
895392
582564
354187
102722
854574
868001
627975
630840
51090
881170
925147
477657
730373
759139
163182
402529
794611
878459
152009
290294
780797
849912
247882
497668
270146
270053
813377
485534
126836
350069
469280
693940
818242
592751
337735
211737
327959
240003
842568
473103
138258
556391
329649
188166
790614
692388
143837
798651
730828
129323
970372
12247
50150
600691
888757
472858
474064
87821
988574
1755
406348
810601
974055
311821
138850
697391
300599
9020
238971
419695
360076
342851
236969
99168
52249
654520
575040
480231
215813
114862
828792
472202
198862
338490
882693
624121
968978
502452
34771
15364
946629
787054
547689
321249
525923
603177
183605
611677
715546
428918
994710
690434
129001
981845
478839
95526
510722
736427
826463
649363
118872
845419
117111
930218
663478
134681
4253
6287
12237
147538
751304
982465
666259
793449
348131
48508
18623
629328
759592
242011
116794
560507
31518
702639
830735
681271
912292
387018
251477
72850
900330
141569
555220
329005
919055
143744
933833
221175
722917
782930
692015
39505
862125
839986
684938
890404
792406
475735
788197
273662
680678
925536
719474
234145
577468
262000
366699
775201
548836
517222
289646
257942
376335
967983
681828
703010
901166
819206
661844
825868
180746
650593
724397
398219
82026
355700
578411
432388
906860
871633
47048
231538
956779
856232
944868
356053
712969
565519
538757
529770
491368
814381
31676
568566
574606
494596
612551
87710
218895
628962
123637
978489
502085
902378
886849
297917
64111
153676
527620
470371
469226
407324
825118
154777
853558
858325
993774
906619
420884
694304
642708
244300
111494
494206
222211
766675
732387
357418
265742
972884
244689
474647
960172
482571
244940
737365
694546
857693
392660
124645
961035
577058
63696
285956
486319
686027
6443
238568
706465
206404
632653
768283
289622
236005
978320
279030
925819
453984
953792
144870
189976
324359
573771
229985
780848
788168
501773
507190
405284
823717
116759
722987
838436
383505
675230
872011
182858
57382
561947
389376
181211
671295
651263
642319
450403
995331
972713
898626
142779
143619
627399
811541
962459
928201
233980
238830
702470
484254
714969
392793
963761
401105
30027
720454
223474
301499
911980
484516
873518
961308
140088
344333
850815
542111
429578
866568
159712
376776
66736
311401
479613
984689
969177
546546
390589
211463
542931
548981
176065
320430
902931
966281
312966
955548
339623
922019
257841
836546
523510
11324
830116
392005
491670
993835
747400
298920
245017
360663
71578
313944
877206
332726
717794
553328
576870
987412
575091
119756
31657
840091
174771
655481
953484
931355
280016
179840
340545
583826
930887
943404
161033
373370
349152
872477
51525
517647
952527
254119
336814
545436
741015
137696
825011
490918
879588
11391
458811
784860
836156
649372
492161
193151
639316
667891
148037
112704
744853
931681
398735
921360
794606
13544
262895
225836
283961
359009
670164
900594
967892
74252
185340
643255
350508
531373
690183
182482
715526
677072
130430
558029
111787
264059
434422
874879
692550
785042
672158
549046
832638
462226
299153
219312
720391
596435
733278
177278
293335
31647
417711
955684
295722
35369
610301
150382
466767
112830
357058
996195
526184
44590
360755
935720
156546
812068
985391
639965
817909
643217
365962
794702
162131
219018
625404
458829
324728
722466
386411
210462
678016
354459
440712
398266
281981
439564
424311
414430
102028
14739
668636
248092
191169
979876
354047
472958
689416
547217
632200
456676
102063
115213
471401
880795
213001
488643
414678
12470
971720
81101
549953
445265
307095
516082
131252
317948
319103
913090
597102
772400
278790
89168
767632
366298
929144
981409
252752
208929
231339
168495
716641
488503
969186
687185
152121
468367
475330
156217
563852
276356
931722
533380
483159
717954
381699
81403
305519
600261
470725
253729
954533
457511
207225
892320
101679
808203
158562
557188
127943
913922
588790
386840
141742
296682
303944
265571
504863
196057
751015
750336
315563
763122
562975
689532
661408
25590
594008
436508
231597
837546
403000
933245
379685
946725
991621
232151
895222
580132
414135
871783
141525
697330
526644
977944
405630
393281
267353
160039
9112
871086
910807
316357
994047
996505
283963
799167
116244
119185
505097
625733
204431
229141
787056
215634
538652
970431
250355
341970
302771
53216
641195
78251
35701
647703
923254
347301
655905
516750
115535
119285
994127
293170
578335
132887
455927
297546
270361
912414
28060
323292
611833
861520
124323
767132
56132
247777
101698
947126
605965
312228
67631
506426
321039
90958
773781
909889
851236
125388
243131
613610
460376
515597
728585
223490
152581
342422
62371
348606
155350
790797
11055
914316
725793
192959
182861
362709
838782
956743
564535
951371
581877
321618
933594
428085
71984
264427
250719
891724
837883
223689
133023
71684
247288
528248
777329
57409
76458
232053
129116
669425
63569
851954
50263
368158
684325
824742
270465
607110
160882
563156
325759
489990
946139
991100
868066
102694
262142
43579
867444
237614
81436
609816
255827
151296
186580
516508
797820
250481
659028
193649
610442
859786
23655
536161
355246
607567
280348
309233
195482
327766
838157
343932
780715
815557
887675
855501
631914
49147
359601
891841
428931
123380
294663
870482
776299
932100
845156
92978
981007
625392
375045
681075
270043
983038
802261
265537
726416
982043
779810
913094
634421
656230
582727
591057
582547
636720
519345
598916
21078
285097
684461
658556
607938
552342
428793
636968
732681
694931
700122
29724
883879
745410
528061
909959
976703
990253
567922
263447
660983
104694
266242
296771
41157
463392
954525
361123
32398
150004
55005
485046
209372
361123
773439
648867
731055
461847
896410
540288
105128
963284
464473
328584
634786
320124
191333
975860
741537
197008
342209
43368
321829
456584
853555
353843
356846
713536
108481
589575
133202
626237
399044
629834
166956
351276
514241
627458
675099
379771
186326
49640
62344
66740
923395
61113
412310
166555
139659
907834
48057
785076
499289
512906
902990
90913
807127
544387
864359
950695
309744
174611
217094
25961
570599
914159
622850
124655
320228
693348
464660
151307
397052
664427
394716
981754
64806
404410
656563
497667
822604
889252
394773
874443
307568
46147
631534
862285
267093
350564
41785
999959
974986
614878
652731
359825
955686
730672
20310
25959
986912
702156
288649
517883
221449
615275
184015
752944
897199
929529
205786
332566
455348
919226
7917
759151
974599
276427
400540
481399
384578
49232
81952
709086
631369
689597
690770
440785
39678
271455
534439
728424
540280
535945
62693
508097
124400
181832
931576
683261
142054
304988
158307
941683
806852
162245
237833
307892
297320
518262
24592
128989
888047
826883
889361
676154
29031
620490
574724
573747
540031
155572
458217
250871
767574
724060
34351
597593
842761
151504
712671
935767
212094
924078
400810
434833
826923
121454
703471
831913
453644
774871
148587
804223
619309
144262
32686
703522
416159
320446
876570
821139
650733
656751
930787
989506
756201
254390
987471
821866
944822
320699
468838
435262
742825
574479
81916
105132
413740
847788
595047
80323
118177
24379
47021
336813
827449
306219
776633
79503
526985
810840
834455
925213
266843
117518
71522
522540
442021
347403
174749
343420
85140
596932
386373
245731
759467
624790
334551
370242
889697
975399
731634
531322
273904
51316
819534
316878
767267
951362
22443
262586
950410
616779
11444
891262
568959
271903
674074
334043
852321
341072
832553
636380
802941
201919
362626
939648
725729
709003
210680
230556
631934
758439
415086
850100
475905
617124
40389
748501
598377
103360
777658
970780
210474
735482
834050
825467
970903
958297
110760
855584
194859
450532
531749
264543
395551
344684
497269
578184
101499
498035
752618
283501
832497
12147
2407
732662
335080
530438
51959
388519
617149
582475
68261
343853
865517
547594
652093
650352
203581
785615
2815
606139
296889
290723
693220
709653
576551
380660
180635
304155
145836
273474
401429
51254
265239
161671
923799
747788
244806
408921
235691
100337
831686
155544
223963
870002
801680
329368
918743
547989
234115
373106
585881
181184
922079
754659
712469
262762
265076
700129
265550
666559
60750
995013
261169
564209
26963
442141
671294
475902
154505
714067
705939
565075
582665
138388
47362
690805
420519
979484
593377
875126
919261
245073
64512
818601
281081
371949
330922
514830
305708
752976
656147
936607
824272
384251
32274
241768
380596
644121
666347
870998
659056
190384
772187
697019
295616
467890
469735
596505
361881
258144
202432
135960
589233
662372
898211
37271
254994
815294
489213
147917
400581
927316
606102
777227
576707
981576
865185
574532
966238
112402
219389
228837
977882
450067
981987
597182
177400
533108
405107
894104
12118
139298
608090
664099
457860
963843
601395
202717
264361
53158
745221
767211
514881
610863
646709
445596
195381
109949
529343
238081
916034
246862
287974
676895
659283
620111
397517
182969
211762
245794
927800
212307
23925
432385
181537
227110
112613
981075
223779
459353
603217
736721
249453
238028
251165
106988
638058
374642
379518
642988
174489
524380
679867
128239
960862
525568
455526
403639
781980
572485
695548
369523
390918
913492
849029
842046
284328
703589
261098
280119
522277
592838
742755
601069
507969
927192
803807
712552
237299
724726
156240
1046
471789
791940
635998
59561
861557
371965
437049
984638
742475
355504
153794
737974
983466
761316
126043
816799
883605
460268
191153
224792
684581
371268
900238
752874
651143
561950
60543
266199
47535
728799
995183
647765
265160
65083
146042
196688
714692
798841
687547
394681
718862
991154
201457
768399
892011
766546
337701
903350
539604
634504
602635
436466
936854
48119
534126
378902
350120
893514
523844
116773
799034
414402
952298
699466
672602
845847
918560
233184
758033
444633
409841
807505
890215
364741
702704
73775
892749
476908
866366
780825
941559
370809
166500
388190
504547
355152
703804
630062
495459
303013
866676
172146
860584
284700
583699
151168
295195
43114
728696
610395
1130
340155
269195
420645
347608
73249
728767
425320
149614
266587
769858
451408
109512
272157
594648
796603
821577
839981
519652
66922
472664
419248
449762
627123
228823
606168
562328
848124
30393
918537
31727
78063
163381
666872
114189
586701
564007
660676
931286
687972
505116
170596
731970
535163
899713
213332
75327
849532
673548
812951
782160
543705
254090
289391
680850
759603
136814
629106
378527
732569
214311
365829
330473
728296
134519
112219
385091
934842
155058
176798
189189
68768
687399
536645
880678
309584
589764
280409
874658
67443
612006
294330
775708
318599
513901
899387
132347
960819
774932
839985
454413
609333
82855
392292
446430
531869
154309
659784
205224
434980
193463
158879
665726
259402
493231
828411
937889
302183
779613
586366
537560
554851
269506
536422
78411
970768
621739
896477
111248
986072
794196
117054
453810
495878
120245
554883
66578
766052
396341
994869
131789
131493
130488
382774
215787
970636
464666
37472
440991
616351
469883
196340
529533
752200
210646
152792
55097
176980
852975
152738
301755
486554
818759
279598
839778
417535
883599
279568
83781
878587
999586
820877
614802
797776
936248
728136
372334
375595
638331
778752
305917
595180
688552
596631
123784
840560
277427
462059
657620
179133
674057
730080
39373
727420
116863
539326
331416
567194
887487
924166
602446
388733
942464
511428
345728
867030
71993
149113
315787
405518
991647
51016
807844
460705
502437
158614
602038
948497
848772
425014
534703
799855
368101
243929
950290
889577
19698
288421
343896
225064
661318
246490
527659
391500
118700
278775
75514
734051
159678
672760
350751
796812
94632
899019
296721
681893
570440
779809
43854
4576
525020
761344
187312
851339
594335
393264
355116
982405
221138
223450
181762
423487
859766
153810
795313
625961
515922
460687
871270
537940
52103
479063
141365
663148
92155
556687
229477
5176
363982
442327
697919
590114
15241
48503
486116
508513
252989
886368
444066
388901
575487
298094
142480
848425
395219
110268
713339
141153
336611
877362
675548
472262
984388
383372
996882
298031
757470
364881
86610
947124
669585
86808
453797
643753
984332
7898
688850
588134
714061
958876
918757
724649
681735
424370
558199
265523
473673
612547
837037
578927
83673
953841
277619
516110
651452
37015
488122
729883
590723
819162
47325
965640
236265
247855
342303
363824
422992
133865
285518
911429
157659
936647
343201
974194
643714
568205
68021
429328
776574
631935
695045
698581
225975
566966
901061
954130
608436
482137
528694
887280
219545
97436
882426
994982
586799
751588
761371
359843
422578
733869
63416
957683
642215
115482
700040
307001
730667
850237
936534
462857
823112
192178
4937
271730
707649
540323
459009
329616
250296
484481
484400
406864
282076
162825
714166
366637
220192
261350
706704
528926
475650
210161
234431
589528
4233
463429
404898
261096
125128
348617
829718
320588
523696
541597
8059
296681
134458
312876
825489
687852
803405
661974
531679
132641
688766
202460
138950
756487
128131
871804
346890
71752
587411
224733
466384
686323
927459
206816
216494
25327
622483
178986
281595
537169
76418
735374
223079
28610
109933
812193
709692
798279
971456
772081
342487
994953
131768
581561
967706
67345
636272
924550
312089
474414
583324
568500
722876
903554
318313
483691
27765
731139
52790
93173
273621
832273
183942
157653
397573
509089
440109
973154
114197
220792
41765
253324
421705
876839
161282
118242
427246
431237
362107
739556
514504
264531
429867
568209
93102
423038
596339
171833
475
19185
579305
761090
224893
31739
177712
702079
539493
36969
794009
413715
165540
35130
530690
36209
29187
315588
712270
206078
808740
769237
72663
116197
474514
567482
452647
704549
969742
617895
798530
639753
930498
519661
846967
499116
319278
697222
353686
253137
640803
791203
75028
555231
403803
180949
912274
554869
890239
953227
918652
350749
579785
334915
691806
717705
259354
995022
171612
34357
771568
917015
796682
708799
395764
964290
118174
274801
386976
593713
404508
715701
167435
756091
852841
388556
2041
85574
432336
565390
742421
875546
178117
21889
820411
325204
156739
283707
729962
58433
627874
524212
590503
104152
174813
170433
93145
515828
545943
588432
449802
903790
354676
875308
483329
621452
929820
832032
329036
854882
15256
612258
637823
87793
68256
804240
304871
949948
710721
224618
523364
772299
417966
397672
992745
270880
413801
496698
149663
65957
969401
916906
307668
493247
580773
600504
821053
967298
141016
221780
319828
182319
299294
564592
556321
754815
627822
62341
111938
292225
336117
468108
105599
422957
241809
145193
769538
705831
317261
291803
155689
172501
971466
494640
10738
979554
744378
647671
280026
851465
700723
195763
337676
225115
959012
647800
564754
639330
814230
43531
471821
588839
640900
322300
475065
300042
326657
701210
277718
773576
674027
216808
839962
24593
762214
273773
126968
249939
352839
287839
614779
158472
335106
367085
830052
588820
694230
478544
810535
851342
641451
670575
464004
820745
523679
42938
940269
633491
910455
627097
424922
80936
977029
675247
547452
485975
762438
577228
355980
8080
221256
374288
487154
818135
954949
423649
976014
57957
962398
580558
458690
257756
946948
832884
485818
458930
855236
194317
233901
746130
27890
445566
343023
666095
603860
127648
147288
348477
836710
55682
885296
304425
897076
244002
505213
636732
154240
936829
282397
189693
228902
28164
26682
709264
521961
293963
261037
674889
173171
110157
140243
183642
275130
671516
792313
932642
958023
315686
136537
965868
949480
505473
957351
457582
363476
693325
382856
447724
178233
96859
120605
576551
629090
178737
784595
227304
153531
821382
775808
196101
992433
961662
204789
41456
655123
725656
545579
81707
36342
912966
503476
350421
949116
139306
810512
675166
646811
263317
155575
371470
171289
884714
771362
61220
397513
595545
106615
680040
887443
757509
543855
176316
364505
868179
626495
786116
797945
13182
935502
519460
24830
55355
39188
682976
111114
221188
123318
208031
99608
438541
39204
211249
242468
491098
901214
83565
789587
441329
900963
740519
93244
868114
335174
748022
170543
684676
898370
408783
507790
835587
145234
261204
50981
25564
31566
968590
843053
954293
626744
54730
347484
57125
212849
510998
110394
464184
382368
716644
287932
904557
888455
464129
602240
250835
59349
433263
465327
484370
485801
718994
77550
411006
745179
665164
569853
53559
713370
817487
497894
31000
998491
520400
734272
266282
142976
420215
682635
821964
846809
567244
553197
81044
974423
583113
223504
430229
56501
243466
610273
506653
517184
338074
752113
521692
444100
222294
132877
950730
887903
911624
946045
392737
678200
827883
75843
468344
660202
724471
269155
909563
522971
846977
301425
274779
912036
296968
701350
916301
512904
539466
627514
946054
885474
277583
908249
338517
429426
201971
281151
255214
862992
412019
236082
797729
118226
409294
940455
117693
510286
42101
25859
440328
30358
899775
271732
761636
265074
887085
367060
865974
678838
156449
116262
936
960954
407249
745099
246534
625512
610844
694239
872671
361772
75292
724601
146623
803794
392681
710364
277894
676189
881088
335609
24094
164602
154540
383184
637700
996718
205621
84872
843175
740219
177813
544182
473938
508819
168184
771143
392299
134186
738182
114552
891064
844210
495176
158219
130762
353000
710151
574522
941594
626430
503207
977633
542973
79520
551956
803841
117008
814989
863206
628760
782441
433473
778184
104201
239585
32122
461455
663442
883520
804434
847458
513775
870291
140490
731233
356992
427235
199112
486106
403858
238976
137854
303499
32261
369053
693424
120942
6842
679020
806684
657119
510952
292779
932460
763387
919953
558634
346156
951239
948864
938192
341420
886827
560540
915829
567826
946044
36121
201894
829564
919744
343890
403625
988214
241223
826937
203111
659598
195873
308500
349075
58962
551856
359931
736747
685411
507676
306001
979816
543935
461543
989340
601935
9655
52974
253857
513712
664226
905315
788605
680367
24790
401497
299265
993387
132780
811225
928713
207673
339813
885737
336495
638584
66435
757628
251963
197705
537409
847538
820118
779817
753929
19476
812061
739920
586243
48152
396128
979885
530845
319435
448179
609324
165617
148546
624394
811233
708446
983980
423907
709237
865056
436041
645496
553255
840560
656613
972383
4983
118572
835460
566131
765131
205625
817525
468166
336310
59189
476595
794822
440566
129258
436521
343760
282770
909710
644905
383557
773813
65455
922307
865335
375844
99963
553771
171375
941067
797239
975604
400628
344611
797593
459861
834375
844511
565204
658833
432432
271499
108789
125341
56951
996518
523528
39888
447174
490372
820140
693993
551538
141053
226640
890105
935154
200329
660502
345008
915498
227988
74830
414261
605693
590646
433754
464680
233420
266650
851635
300869
618869
624063
458834
188086
551138
878363
675713
619203
48718
681418
248976
617067
647968
236765
68262
647511
606864
259401
72954
21418
528449
903386
684726
179879
979357
701803
779192
447309
221254
282384
790174
631421
164851
737113
349228
293140
693545
367637
901805
646817
611402
400337
795493
622185
391405
579000
282589
98661
688402
46163
117837
614351
577676
323776
237217
706682
795535
556743
639269
362239
237571
72418
735469
347105
888644
789966
418488
635691
941067
306924
118517
414532
870440
746736
553881
997323
297937
41907
166307
967901
285774
404283
855922
819574
787224
346298
800562
310533
203413
311708
912234
397517
883504
216953
636939
37296
485351
756082
481367
519998
687547
532027
584201
554406
60043
398805
780991
580205
589130
430944
173408
368618
448835
853542
492614
76313
722037
952899
250317
475955
667738
740273
281390
422251
28088
98413
25970
896302
828805
843663
266
857839
159451
128725
72204
730396
888914
37467
833729
849677
820122
298813
251059
748661
828497
663434
820421
405265
195120
76686
775256
177750
920854
450719
880445
68174
893118
280214
174109
869197
37543
626718
843457
173012
835992
985040
763098
753345
296484
95902
270691
593297
925006
799719
311
851519
935780
922083
811651
594878
252806
976701
786570
703233
637877
580928
642248
457762
267738
850174
956311
497349
891756
240761
637234
341151
326854
987493
672585
127065
417896
378280
957137
878663
977000
66112
301030
105785
304954
992256
224082
423720
331580
980291
924396
699735
860859
321044
538146
658965
691869
763017
120221
622482
321844
279071
550080
975442
586501
882253
180295
229726
56721
347350
770148
367285
990190
363102
399815
943516
701147
25069
183476
835086
214615
787428
729090
707019
110326
503640
928588
633553
562117
924361
520452
184072
741003
858993
147540
185657
382687
300399
183105
270890
581155
722421
197274
564580
868355
866964
235242
981248
175581
863590
513001
912349
200505
564402
150946
504597
334921
380974
907275
734315
33074
816552
320604
463601
309861
881038
614893
542189
309598
591240
711512
451203
916025
836954
246265
272779
89336
426628
792362
395408
751555
802677
560145
293250
506762
346250
944557
370076
338104
804872
232634
532840
14923
925735
155811
98393
584832
416499
319478
262539
132036
605329
938753
61195
789604
740755
326644
986064
905114
219455
673431
88049
711508
958628
390212
751512
332979
951993
902426
158412
979874
320097
685845
664245
582393
183033
227452
18814
833525
358628
261552
583197
722375
162709
809097
369302
403608
389985
725673
177050
449505
193784
645140
449494
692379
804635
286111
198182
24410
432184
86947
629117
906318
492269
489090
128374
493734
834922
963290
382156
737636
79912
322314
368902
549694
417472
317952
669984
881301
104941
432740
904579
17777
753639
892891
274692
347948
537909
751483
267991
516202
58597
372903
420809
702603
667448
191453
475741
30618
647205
481467
890229
820030
908771
963643
75267
486085
595172
187780
576817
422916
476637
350205
59457
610987
17779
818761
695848
571492
514585
149048
496494
24168
669236
14154
980986
976982
620193
882911
347667
790082
270991
822835
562163
770755
600126
779024
354858
667000
448990
861030
624715
177773
299669
870037
3853
280253
432156
471445
485322
526087
148496
918271
583686
83606
312126
318733
720949
710475
751947
84834
979529
699326
737750
342789
281207
149495
474069
237895
353628
181276
522128
985035
176381
803431
505519
167779
896566
572880
807810
777853
106415
810636
738312
606628
34565
116110
241262
316070
739118
797023
70883
681049
539117
842169
881967
967456
984038
287826
305529
975363
416540
50995
886697
345819
22295
167123
288359
603244
395155
707953
478691
921303
647525
455919
182507
948507
785045
639608
743551
321111
772669
833085
512717
144447
300305
830497
149645
940664
230387
469947
167921
857961
583391
770076
239818
500771
593549
354829
250906
45437
754858
104150
912551
392470
895127
185473
145750
843352
595658
897816
797805
604890
636944
395909
764175
20996
247263
31978
88837
347099
692119
507013
522565
24465
236227
799351
99253
933485
882777
350151
269029
341558
235642
277342
864838
120956
234093
553360
670537
349144
38603
231694
565564
555684
858430
265101
108739
494267
29799
938960
364224
31455
778771
886474
401414
397205
591363
460878
929083
457827
894382
594315
772954
41276
382281
45431
67654
737380
937772
986837
800647
918710
637099
172909
141409
839757
122523
345177
330202
323842
597764
119218
686920
170786
160739
757899
759322
265709
108420
40937
510266
992373
964467
842024
521026
349733
945506
237730
700770
398692
823599
91035
969861
201549
544359
437604
354510
705220
84074
850183
786216
292065
517280
305664
115808
412855
98600
153496
660315
234128
282793
869921
768854
65330
866084
749789
858116
600540
644096
289251
154468
502015
535770
283434
930312
314082
732178
190192
258021
202820
911346
873330
234277
109414
557419
535729
148717
988725
639625
996458
432621
64878
381858
669262
564520
775221
652268
377834
402783
462801
524228
348092
425258
394912
830229
808851
272665
840121
746198
756348
582025
272562
617317
547167
288222
751584
878518
711432
367374
831889
479755
176308
69663
731984
477430
639112
366030
218102
916158
2175
996610
167235
112915
981245
206829
545844
317229
880610
501740
458644
875878
972248
931719
854767
810743
820645
43405
154112
808774
566454
857211
380644
660245
69886
91803
448318
355111
703436
467670
363134
518715
870667
787286
502839
525029
321216
207448
14976
6266
720442
623191
561042
200952
712858
876319
455242
258315
992731
587642
518846
907217
561045
853854
735549
337256
476949
845745
581745
374398
749383
145050
934589
644593
449615
713912
406458
123389
93310
328141
346879
193905
193452
769842
909335
162736
967443
702475
15152
215678
955004
388150
414288
992557
555903
581124
160144
324917
337264
224012
481595
598191
491243
368027
606159
481571
896882
171397
320466
160587
514415
208497
408827
781386
917182
882114
663913
419916
623695
548250
376357
721833
896710
664312
206837
31098
256937
172865
242611
929218
213322
934066
514081
172708
491292
866287
682675
825909
805626
684621
901843
927865
919467
714623
630712
224486
102794
554066
101013
493051
383587
978934
180557
975891
675657
968751
144623
468910
642337
905705
882943
39561
623353
414884
562989
278073
535160
919055
619840
97278
423907
675631
544916
453650
398313
206390
966469
746980
566818
61811
784988
243572
377593
128616
5618
927811
713063
740825
211117
728279
618329
752379
545285
542064
755531
30788
914255
133173
694618
603393
171733
505229
332829
5019
515660
358556
953988
800080
566603
581212
241333
683101
360086
270334
225483
226655
816547
447630
865812
556683
979835
317204
588739
431146
599951
547468
158456
525092
215145
242770
550145
502276
761220
987253
766922
871386
527660
721957
648589
989867
939570
5639
487202
937421
532869
637859
255715
512521
321174
975046
562303
452539
174599
304787
342776
583824
265222
182164
574973
208315
174260
914870
456417
667694
519790
408564
176190
596768
525207
507063
169954
999587
790877
441439
546752
982653
401537
641127
814933
350385
666083
928998
190657
805154
954649
316550
202502
300060
706057
722546
895889
689381
743636
775432
94785
385338
341585
787865
597785
652310
223294
537015
947650
676124
301765
320831
113644
98095
368895
256481
589775
672664
642559
673638
763094
324856
529307
364786
948681
346813
485486
483347
240584
77248
643932
641330
80194
399234
30676
422285
995919
792746
643919
39074
454795
122106
985147
286245
334355
143941
689116
678874
436754
447092
803363
422149
625760
321411
518423
694586
757095
112955
36015
519332
322711
406585
821024
293659
450982
716520
800099
731303
327276
108493
624986
133093
852460
735090
682366
439115
317815
772156
838717
41587
659096
307716
143963
325554
202266
503098
901973
828907
734072
212556
965898
529156
554511
606658
625292
272971
594049
594526
406147
292813
744408
66663
401603
290574
732442
982203
173374
632514
746452
820177
932832
970722
702027
796371
895449
137315
97896
841653
673155
540885
358642
298994
436582
69818
189720
566593
486891
640907
517701
957917
657132
417644
175438
159050
428429
841430
305083
36858
743955
357205
876086
261961
522316
326935
350056
150368
687868
811908
12275
410379
542563
338275
599860
76775
119657
728191
130241
709238
314580
918651
488551
774583
769316
804567
866281
313901
975698
803737
547753
114398
108802
520322
507758
642033
240029
687026
171598
983810
99798
596800
190142
962039
295507
85761
381596
943736
558520
837721
671945
37561
326251
577343
534227
999878
63543
222487
775449
628562
607758
381467
609662
742765
973246
590673
933314
327709
31829
812146
509446
511295
830269
744591
609957
235642
153829
142590
699422
456601
32504
249408
788516
216311
457272
901589
302871
766516
321572
627095
315275
535416
744591
263581
696152
636358
252159
251887
911389
359172
624608
117486
880722
925021
267771
699863
85951
521672
490965
46170
902315
115191
874287
947851
959097
739011
442540
648776
738987
287872
940182
246036
774378
234636
883869
467449
902600
510250
565844
439529
155108
311585
291622
381451
19096
269919
324706
320602
43748
147212
785892
45105
649475
313567
116195
839757
580027
832013
538806
973984
478885
277353
657352
445547
535778
178807
298837
273922
978762
55026
652818
772992
46853
173647
888405
992367
945789
335861
435835
674627
738411
453852
778541
707205
413517
683111
471356
248793
534021
4272
889274
845797
284913
483698
375290
906934
989216
806530
248444
737910
324143
291093
915743
420189
604429
18441
7847
691042
892827
791095
258799
351792
522843
763771
66287
769987
74926
408089
178992
498135
339710
98011
63085
29882
458076
742687
368730
628969
937746
539387
144235
861123
350100
67141
259988
191626
300552
472807
704102
983755
281424
697757
646282
796953
920470
42412
413813
72893
11240
479664
247889
48639
838593
781807
609859
271933
263413
973418
745658
41655
986929
24628
300747
747670
433145
281293
390822
610418
408001
513621
655603
987629
3256
268803
732677
602363
82129
529031
721910
259104
857045
658589
428422
76656
196590
451238
64715
594437
388688
958706
363115
485994
365351
352486
345283
873329
334005
289401
512139
565071
466889
205532
632518
374748
276528
641154
710658
99565
129865
521662
647417
737516
687326
339137
251760
870675
73670
432081
714433
667555
528758
393320
428077
824872
86135
202494
889054
168167
255528
495048
944784
359926
269327
719266
820713
797414
301828
330977
210548
208190
222118
735161
889850
207047
566344
520965
392283
903067
975361
612849
89757
924903
618784
550325
969955
909140
121494
253133
957772
188277
249502
646364
41034
340201
563824
169760
235997
817320
243691
51769
304234
760669
961156
532156
874138
188007
649015
194790
642829
213525
640291
546387
718772
88445
110805
932307
606843
528744
640598
339409
140772
566754
627661
793690
536804
823761
66785
983008
558287
159509
154665
690509
130492
899695
303163
619182
990316
577481
800150
605543
571349
227020
970778
857665
463901
677121
374908
559525
923091
433458
392921
867404
256270
999831
245252
97356
970513
96699
855241
383976
291553
511164
820955
147707
972635
978683
806248
924783
534093
84093
133509
218203
669791
592563
989714
362589
656008
638
64423
523834
79946
566180
878453
253868
208259
252784
325803
994214
143176
148792
301876
493875
873782
222569
881
88554
422476
850926
890850
149433
259837
352328
333214
8240
57309
429712
386245
669789
144631
344486
383984
824089
150031
377186
257594
477630
123943
588266
73206
619005
841848
630921
231120
767145
598609
225037
535996
195151
245130
67679
268454
880424
604445
989349
959770
646354
902755
198282
424353
230046
84167
487925
510513
984263
897728
694056
277186
718499
667671
350829
197398
170221
438591
646404
600831
529061
905188
682823
788569
373885
680211
155239
377052
184103
63940
127978
914999
91263
170317
112840
800570
823601
674330
861873
484837
59513
776874
449502
267602
811509
993304
460810
741798
590167
111007
391271
671090
969775
427000
527364
345095
362870
708338
583388
13937
385293
669245
719437
485118
737270
710310
264364
495712
114222
523992
691924
864400
473482
370421
479478
709203
191364
984219
412862
521030
187306
112405
637930
824938
911178
70574
944666
537786
970919
4261
530125
939389
990686
637445
195710
967450
512169
204392
439080
333761
502358
351758
389928
83513
528319
161271
549399
121615
987658
436629
317930
958278
378999
245209
571346
968386
140120
381968
895673
480313
543218
813520
508225
798187
834385
92848
816124
535435
909568
416197
94591
103235
585563
727113
824541
709288
684442
720219
884269
302782
50356
250228
549852
378380
622526
325611
116470
849012
370673
414950
992975
693040
491753
47939
867393
326850
469089
855423
397675
907685
116649
166849
227896
902651
73294
861028
248001
946336
431889
343321
577393
371421
293329
810323
328309
284889
344582
924198
925843
91635
979290
402586
70122
754700
355111
719502
259480
514530
574091
677979
155035
854690
389402
333429
119180
820721
99148
699739
58659
205432
153923
282795
279325
762394
119108
113401
523151
161775
313358
582850
528006
216696
89754
765992
83715
500107
878196
643494
936030
171919
941368
324025
246106
982591
202514
849006
419655
716832
744094
852716
320273
879862
717858
830443
136209
965949
665928
514771
678198
482802
133016
718771
17488
712984
753021
545146
677024
767504
744348
357021
271824
22059
40511
568597
847531
496691
907623
257198
253199
500383
664895
392448
14163
20337
249449
607400
792999
612865
489652
816309
652385
817723
749428
709946
669787
338546
633567
573360
793447
734802
18676
619790
52435
342373
535159
395214
810597
124978
924700
474805
108632
538102
818640
330280
193789
840684
561347
607978
357506
53548
716859
90129
655742
463328
217894
921646
959065
382474
650071
704947
434679
293917
364351
521579
633312
336955
253459
719087
478224
215459
989610
446893
299485
806408
124993
663137
20834
154818
22903
873745
413809
911204
228437
664275
568007
729610
45326
450207
476567
869952
361277
478300
292397
332979
38429
765094
460709
869223
747504
649994
55498
457470
562355
909605
358677
862014
930341
580814
290249
411855
39541
850159
327136
753582
193871
940415
474048
585929
341398
245977
389310
308137
670868
62780
472575
862889
928355
806645
896589
62750
136503
142419
89429
729591
893370
63945
212624
155183
117971
342508
368764
795720
882862
120845
418714
531038
225562
245533
387028
665992
714078
667056
29751
36858
70134
547269
613500
381303
215456
764165
911341
646677
180089
988670
950578
231784
972492
143823
701637
269972
764426
918030
717036
323214
47279
40057
129806
493434
735776
534339
737998
82198
996613
752126
288623
234152
809935
963845
607773
408619
988218
148439
207954
897485
347563
141378
350497
81863
585374
469447
376216
127335
485695
616615
435393
808564
447674
135579
883349
734280
537267
210628
877097
577055
931298
954827
36272
469326
71610
935689
693967
529196
306655
380898
606033
122917
920042
361462
631271
491108
286697
147733
384295
486251
185026
226725
713972
297342
483859
746033
168696
213300
380154
199719
615067
907083
700150
101954
718034
710938
876750
990100
717681
63641
911094
715510
571447
263243
838328
502570
86840
229524
145480
715040
909763
570512
216800
892752
695053
517676
246275
830576
902620
110553
179407
837695
40877
30984
158965
915985
59406
407466
210527
35845
531298
401827
262004
435177
895058
817521
517312
188878
643909
628028
764206
975286
212075
956190
568194
173701
715918
305454
78599
352471
280065
860349
190580
680907
120041
813081
677799
569721
540684
22957
832902
834500
481675
877548
415247
378308
198360
901758
195628
598999
275787
60590
87724
932519
888315
524825
644340
443455
695748
64955
413644
965518
581168
571759
884067
289193
912641
491154
557113
970435
720634
177686
630058
664748
455965
541632
999631
160068
644322
406296
340427
54123
240055
274609
173022
480965
511530
72648
136121
651832
150801
741479
822067
348091
634004
163265
993405
599798
648228
897100
28095
301899
994887
896093
634596
508227
558635
439664
676935
376178
678710
452194
683613
952710
219152
760563
117518
780448
286826
507400
610915
600015
394826
551896
201842
10298
555834
49291
557506
271788
490799
170508
398269
390715
214827
138760
571642
732647
575386
301713
26000
41681
782144
40439
871370
276909
281672
662459
660902
116063
582414
583308
643573
700770
835164
328737
211249
796105
383082
737893
170785
788845
539629
326986
336367
873147
803923
319715
293431
520157
808384
204500
883685
641393
464782
133091
473625
462782
305492
823194
122759
569672
463703
667703
156454
999341
154331
373708
880549
266631
278264
895477
99464
690873
436879
542381
520395
181196
985091
286121
511837
622258
361819
952765
300849
201085
304962
280589
464571
954887
178193
340612
136636
158778
485571
562598
35138
547459
581003
908614
996136
797038
583421
202089
999364
116727
188403
379666
533663
472886
42180
736633
81881
59152
280151
395047
506764
303949
619449
712984
194785
189533
782731
629864
363375
461284
44821
237404
602349
396587
472954
724376
663099
524847
470273
834171
21810
836766
469768
299074
798457
828524
634400
42346
364621
666796
199351
20307
189038
634853
633893
388193
505929
261606
699415
582879
510307
718988
248353
452431
43072
393256
960002
178325
278307
432220
44614
540508
662898
71122
313990
594736
479690
119832
223821
398957
708900
495626
87782
714101
439850
892078
953110
431033
867425
768912
118426
854386
950449
459497
2702
137879
168029
662431
352560
640191
367561
980383
313120
302738
617599
538571
450819
231782
717804
478068
983886
782839
397639
213942
856163
327032
807880
129254
351986
340786
910493
303878
409717
417452
373880
617227
802045
835382
937573
729046
949413
948285
604326
872818
173380
487683
840034
217411
329157
376758
360530
697395
571084
54921
787890
24565
669621
264149
582330
663766
758475
82596
894693
391368
772189
777705
768615
88838
345995
998361
993014
131802
606459
526323
925203
773570
211600
806591
804965
375327
287707
674755
957993
235201
311621
330902
931402
177603
79176
105933
892055
639701
294301
954462
854926
75827
276860
106625
249817
394380
62748
715660
415693
697715
365420
827889
332361
180053
743127
986724
472969
432374
76279
851653
564445
47578
514726
176787
674766
103193
864417
869760
367846
819567
56106
397306
891255
796840
356825
199613
736617
444031
933626
1034
948024
660219
467050
852418
319431
925684
717991
476922
370878
402600
501346
891657
684706
32706
667767
682884
407295
698205
895943
92816
150037
752983
807397
346880
28217
16490
239101
813372
462055
538773
793263
306409
695813
992485
268768
543762
35897
523519
176042
569880
837536
330640
101162
630366
35029
600883
123476
673672
870051
632286
768640
258073
556777
506688
687693
646320
826818
474075
100984
468364
585853
666147
265264
86027
356387
621151
787867
506935
482617
836004
57212
720932
932981
71072
420395
565516
121427
359091
62980
181233
786644
224372
657080
594347
884834
284042
611846
386334
532816
591191
240642
716401
18565
148664
778323
877539
285345
468422
942704
10675
377426
194940
534977
870073
55819
832738
570753
637729
668193
538632
580114
355199
384663
619524
424189
190367
718514
870010
686450
13055
364812
415998
537130
91328
627183
988435
429511
268637
709030
756618
914178
673673
96077
794862
984544
832850
26317
6049
46046
208998
604673
447793
65262
788358
557209
653729
786072
649353
463128
608639
529242
624817
648669
771869
633488
955723
714684
418178
432508
402610
693219
986393
864303
768409
587997
392100
435716
582562
470233
408552
397955
730239
264263
790493
951663
613452
112624
943194
941195
400735
200178
526800
842978
513933
931892
349348
30871
434815
629214
273774
268936
417163
946776
515826
404081
803956
711273
560771
932946
276527
526503
314247
369554
254122
575020
606401
840296
749122
737600
549518
116315
44445
846641
172706
806701
893619
554156
916042
314393
632104
4594
712136
357641
393064
661307
197475
37336
730926
386898
259984
112325
80803
97286
738064
385768
739449
127335
47679
597097
493089
853106
429803
893897
206425
663466
523981
583152
615626
170434
736032
93447
170262
568155
490502
789245
374287
319245
562275
286452
82684
512229
565628
394099
406380
354696
677864
194308
578450
769967
950609
158714
872061
640007
948677
694010
349892
571868
315266
968423
723147
365960
572474
271242
253722
261361
9051
847945
690229
760626
73709
613149
577047
395767
487062
448104
50311
467933
635730
444636
402918
318524
539679
847631
691232
628294
761773
470525
945537
618428
971524
539271
568884
66923
368506
613185
249313
663738
575065
451909
921171
175087
234382
101706
269697
992160
217354
167100
978509
753368
406529
708403
953291
547303
636125
831064
34626
915661
913563
452399
262641
680030
971394
467132
372732
512737
181276
987619
271534
924424
136214
441425
65028
710404
272673
536491
354443
241189
61357
74613
267648
155692
902143
566198
206867
940758
175970
770210
707839
565961
725202
745917
624876
214709
345394
847738
294529
584695
151648
425574
993282
269724
278186
703590
103610
619025
206400
571467
166983
634159
614834
478449
463731
315899
306536
66024
705929
843685
242266
772646
92106
157590
797004
746887
556880
387343
334267
301580
837934
980649
266099
798676
126873
525235
549139
59095
831486
245466
203756
584729
29740
613859
980772
976987
417908
889906
400185
850657
915834
546665
875105
518467
572374
678564
8201
298343
11618
397396
621649
158947
317264
629683
218482
879029
85358
749992
930975
557147
748717
658231
157891
515476
886277
856581
204216
810667
497943
847483
940915
224850
843670
389373
224437
961009
281707
387330
683931
680024
518858
890249
361537
819156
775558
462256
42121
521146
604410
387318
786655
719589
208790
44793
411783
183160
728443
599735
722771
523889
705304
954444
808136
763227
833767
703922
273989
461250
615778
592711
326868
754011
324776
173642
864236
642135
866025
355983
610488
928730
481051
150496
231245
912480
88507
549373
17786
642968
782363
837983
988402
892222
523675
319903
976705
539447
502019
489747
581961
11643
816780
555838
900844
704479
697777
833525
918302
893232
564005
542878
95201
585027
794238
885202
274104
130775
33256
433903
237532
715955
688541
838132
474866
612996
987908
936439
58830
7207
358475
445673
709474
628675
830238
642722
363363
69944
764685
648007
670451
588062
977314
58609
16807
855421
187242
977173
251444
69663
318016
820584
191181
420922
470764
356587
688629
828229
430837
951810
179848
571908
759855
418393
71991
650349
270769
471944
383890
809190
184560
270640
909482
438099
414482
157479
938012
876884
37916
478342
682481
982799
217243
858539
432654
601075
701087
570626
306745
930485
525837
751188
70737
316018
86192
480203
562930
73038
664153
368287
337940
647946
152286
837186
740173
751837
102693
480648
472744
814480
939294
362489
963450
422545
859261
57986
285589
256730
243710
103145
414478
640245
218788
846377
713602
274870
141516
330637
735639
678826
840717
249639
588244
776617
525616
953892
509492
47520
272731
327807
233283
366764
570429
692140
995810
495822
25226
295633
813271
794190
357943
412911
259316
163219
670110
972428
758512
114543
390543
727640
506891
329513
185970
911726
349285
703361
657911
4011
624601
784514
160483
607004
189027
31658
920582
178151
500407
586187
828357
26910
702661
502171
425569
851598
718743
470723
866527
79711
339904
491547
84932
564803
667686
295012
566413
82790
989844
412986
249503
268749
249202
715044
594198
170059
148654
240690
612128
8549
611184
278280
571824
550486
417850
249751
406566
648919
72304
501623
194698
390414
488272
266198
12173
41730
399075
474160
73597
716357
749342
920638
490518
723686
87691
360967
390796
199070
437601
135313
229104
522314
153814
357438
446849
982119
406846
256744
108283
14095
461324
249506
313588
932177
757188
245797
621787
278359
728247
133524
860339
76907
330496
191087
293128
868319
756354
365534
186381
870593
399324
987476
51042
980391
150088
24474
317087
847002
485612
708234
106139
650433
745800
973787
330441
474331
761632
854140
896058
311301
845335
330539
652598
437996
461496
206710
67592
721477
490357
739859
921817
286635
109756
829886
892096
969433
428855
808803
858170
175019
812072
773688
13355
34772
4368
443966
238986
661842
208591
850508
123257
70201
667031
232207
458056
674489
419042
472331
660956
839641
152411
296232
808007
724212
617165
147420
929858
710496
480848
633154
968311
225590
694781
755488
970363
222711
390920
754156
295169
513849
844267
731035
805989
976035
745794
190460
519063
788680
927271
97827
790866
761646
161497
881732
194405
501649
798515
549685
327691
315259
592500
153886
412583
777652
804054
544534
324874
460247
388264
929526
812631
274091
428110
813662
409372
216552
982377
402893
628862
133010
819480
682568
979142
682326
331179
994563
199358
902151
15027
108572
495514
96754
921014
275959
784989
337200
451601
622463
644963
657513
95557
563225
77815
716370
387179
146891
879918
291441
199491
309151
20713
110707
454414
444684
400436
385124
326487
244532
87348
367724
37472
913811
206778
142096
947026
844755
786300
633284
426032
347335
731254
265801
745434
79144
371235
143846
677332
282550
163840
81517
768449
409460
192327
520819
323322
450246
200013
21857
970886
667130
937928
823681
906073
455929
125301
356139
345789
130130
118162
735990
902457
888766
320921
402028
260204
731098
392446
827125
884157
477070
659839
348571
816388
100029
405451
171724
359179
504855
260904
560960
772911
755911
381128
361519
220457
997780
415407
310813
688478
604354
197755
549711
524097
357856
852808
810102
750289
447682
482262
824482
597208
804061
628336
984346
278037
633954
409912
574294
999706
7754
781305
352540
113335
928494
877444
193736
442587
648080
849450
944156
234938
434378
63211
320041
561015
812500
835677
262928
624525
723174
376455
279314
54387
843043
892432
507060
29640
374469
172197
924604
908189
709898
459525
156453
460065
471980
704934
274284
755571
306138
741551
943087
140405
104084
783273
315713
120402
861815
347108
692141
982047
904703
197052
121197
469943
720711
420451
103062
51504
402565
792628
126531
635824
771443
426551
764708
131426
74009
518405
583353
438523
909891
15209
355426
224551
53710
721814
386702
697939
151833
67613
859031
446084
671007
661163
532365
50649
341869
770496
201096
582722
614963
64328
929819
860008
320293
867525
140006
220885
371093
852521
155847
94418
722010
899952
157493
4770
765948
735745
744225
19894
14579
987835
555258
737870
690364
745133
331459
690288
840855
85621
303422
383515
291273
670277
91759
540408
501679
259809
163104
466079
929867
916492
418785
682393
77432
801563
205782
699526
472947
748391
550029
199768
505979
290043
262386
701240
337985
703080
950817
37859
596785
803626
66428
183284
568437
678483
608085
590622
862735
128851
361442
419356
330135
949860
854659
837070
464132
127970
353224
85143
163352
148603
283425
879385
332713
238822
689983
165432
181627
476108
446527
948550
47384
815295
50192
569855
486910
770119
2278
492332
789598
653626
879003
900753
223684
778853
734428
233931
255089
870301
679570
264566
560249
162816
80481
66908
519120
294864
968833
642904
456901
407416
15885
837956
111328
544471
936262
231557
809388
640777
190702
759075
299610
799340
762185
594803
487671
405884
65939
834953
253968
197574
846880
195679
70729
946915
324289
724177
442975
356192
54760
459839
344890
584622
527429
956229
573508
685310
516227
612573
859923
999956
468329
724209
121030
377861
575567
869738
640895
439002
345440
861493
208264
990231
501238
904058
969733
5510
610744
824060
10182
529344
214383
612739
175311
55160
631244
524872
866872
323729
549438
71427
105106
53387
706518
489478
396291
18664
533800
951861
833846
393801
600545
479169
408932
463355
284342
599614
555685
578572
388550
455503
615462
733091
863471
644332
186256
691617
967996
838930
80915
378669
909380
252405
354778
592971
812500
887881
32039
851766
220008
605588
812190
922905
561665
505153
764875
633200
24543
884229
978273
519451
922825
902914
349668
517685
349555
171648
744181
420050
482629
556655
502789
503904
973026
924006
881686
945167
491749
326029
625106
373433
448625
716312
609220
45239
467658
216520
10387
365665
705940
199827
271299
543901
42444
558119
771616
395426
292483
779695
566567
3304
367395
930154
567120
406518
178972
823005
385422
908012
737284
484207
855335
564315
938940
560030
107725
581725
355775
540616
560985
411514
402709
241052
793704
344697
376036
517237
979410
576111
837350
438008
326159
32903
894056
533405
760566
668930
266710
806215
421505
355087
274081
346099
794436
834349
380606
992134
804386
807556
59559
130652
207820
349047
363553
761
697804
489207
586906
365224
906085
816173
337365
975306
83709
684736
587138
909068
355560
680258
155953
946566
922665
139505
785261
786913
493539
730144
863276
691771
676925
507620
649596
423786
517283
913893
667595
497396
369475
663247
580946
380778
599120
753349
373030
872940
912306
775456
59842
248212
572784
728862
215742
641810
739287
274655
934246
806160
115439
140914
56072
460520
561473
335461
199755
892657
858006
525804
235046
617270
361336
915892
253010
418652
285737
412891
763749
39653
71796
980110
823107
116372
323528
229881
19804
724304
309018
831349
162864
539043
386694
965705
864679
709631
884269
446419
411088
353542
468113
88079
493074
334658
464998
282350
799389
990315
25626
94854
825838
74997
361572
866002
743655
731873
921933
107424
218187
488290
170227
128543
295930
790515
151464
944213
734425
558794
659782
886081
209301
586867
143059
519423
114437
716154
923539
388352
957320
403668
17430
355544
12266
153428
286465
250161
703221
639490
386020
248144
830520
672596
861327
760530
144664
92807
224025
180898
339915
757067
98170
803845
131815
232983
121215
871884
789145
836606
470080
718519
876386
330504
57151
653920
140290
845579
202527
441806
58129
806207
640821
781228
926547
31773
602390
647195
733234
437970
629036
748402
490937
86375
449555
15173
322415
703197
648741
939247
860062
860645
380432
325571
386656
522486
105162
141244
349276
554058
68203
113498
42340
193415
165927
516272
24330
630707
220258
397429
795513
463840
547889
137658
480144
765894
343848
484244
882830
375682
82222
572423
685141
247796
575200
856698
22490
20116
78108
867122
681199
887505
774771
975260
934211
975699
639743
492879
794774
792587
460321
662378
629500
41478
908980
627428
765966
125230
264664
724336
529532
583579
724020
644572
338737
933625
583709
534648
655007
99427
829272
656717
957201
217940
627295
790480
445807
659351
176079
452829
484820
589985
609279
208647
397936
626786
188617
592230
85868
527985
868029
470510
171645
881506
140361
434854
978146
426010
539229
78252
963339
245006
235864
936153
365431
154657
986616
76926
518999
798719
882160
398253
434651
897330
670771
113628
314640
480305
537135
249656
491328
458297
821726
266458
651107
605874
534547
882652
123360
869800
987813
642147
832469
174952
318857
293743
73035
633409
682048
880829
623327
823805
302190
438070
130592
461429
954876
386262
673263
871616
426527
211123
252381
234327
831476
762558
124464
510050
16683
458294
611452
938886
130618
303785
861137
951537
345492
50708
229827
448644
766622
602978
95683
774150
644547
996368
229449
872779
586080
303487
394821
55130
607582
886916
637054
240125
257808
657665
984005
451352
921973
111820
808999
284890
98109
85295
507866
194701
746004
973796
438215
855731
537832
166251
620756
804984
417466
325942
881351
947229
504625
271961
141820
980337
955537
688847
585369
4109
794554
236468
107865
847449
690525
877997
532865
832278
657566
576490
867565
446935
274769
793489
155147
307831
766539
361849
258710
314311
635389
33262
451052
643839
848656
559946
489941
605030
35115
681970
147411
643351
92650
492556
81024
218128
850061
523184
596667
811421
490541
761674
74124
586969
543397
502140
716116
30878
365986
492014
727866
177350
37073
523047
258345
822566
341501
280864
446804
860368
187884
189561
687941
697738
410624
978812
824812
988500
9554
698031
118733
369769
809273
721551
687941
274846
146805
842255
974456
377095
205785
800060
850459
673554
551844
520052
191091
674256
635226
447008
350605
45832
921806
183979
455209
633915
736129
349366
159579
886631
432039
746498
364879
342391
431670
93875
373249
930197
751526
839184
727320
869372
50823
375424
856245
815533
248129
767077
867303
415521
363396
453305
898393
226247
653488
78276
507300
837190
42548
110649
544525
905589
678463
702277
537441
369647
343014
696519
896378
959439
826965
652121
298761
771755
20168
564378
94919
18528
802232
450653
215851
431496
688232
1820
696065
534398
183455
950180
630175
297975
426569
100255
487791
985555
618805
559322
477616
356262
654150
805113
729947
205467
398743
419828
562049
729090
727009
800864
593813
101309
885009
826261
56139
156004
632727
208462
767265
177761
544226
364781
669648
144528
93710
299810
537668
894633
490582
771680
972695
73091
573620
16895
831379
38276
116462
924758
209941
881760
104111
882494
335584
471672
102740
379965
328502
959223
666865
651810
22039
866551
250379
286677
888067
783094
834116
441238
999468
607119
956615
773017
66444
930870
844553
812767
513249
385461
908412
658578
708719
144551
287949
661623
300182
157281
675421
85565
594547
385429
326742
422790
502811
643164
69452
103871
639872
745717
227419
346898
70280
298046
140170
695202
971645
779507
384157
390409
505052
651208
413265
443691
597806
840071
182498
563569
243112
828918
353374
376379
354218
788680
349740
910792
831853
951825
645116
944481
62446
500097
950355
491787
833039
335434
185059
843904
839882
701369
617397
70942
999122
257970
403887
260601
484468
61618
829260
4758
232981
240359
622647
196552
106479
569340
386180
132682
359629
720147
886951
151857
990971
858973
879802
765047
910560
782524
792404
16395
119128
447191
739654
324690
645682
61720
162240
115795
617740
629176
670592
359606
848195
241689
438081
244333
100125
486022
481313
585848
171206
429879
705626
38459
561653
785075
168451
541828
574700
160242
241774
637309
426140
992703
376250
161781
574661
420709
638833
946095
474071
554168
414445
194130
864859
527671
563811
901426
43573
402705
623133
148876
620115
639552
498451
340267
467842
115635
694549
520981
805813
299530
471857
540620
642539
868689
292954
206547
408653
285382
612345
727320
820161
281601
612627
73644
634907
983962
206885
323868
945449
710485
35354
551861
221848
110569
836021
336773
237262
491086
787439
171684
268968
313857
12643
217239
249327
109443
91586
379683
798210
642678
141173
188135
804720
524988
857729
533762
994862
125992
270143
503824
750003
60130
509624
375517
30271
270611
428313
515164
141290
221527
792796
205252
829034
100384
851277
249112
640410
353207
488967
481884
274909
381823
666880