999996
999959
999956
999878
999831
999706
999631
999587
999586
999468
999364
999341
999122
998989
998633
998491
998361
998199
998059
997995
997780
997439
997323
997270
996882
996718
996710
996613
996610
996518
996505
996458
996368
996195
996136
995919
995810
995502
995331
995183
995085
995022
995013
994982
994953
994887
994869
994862
994710
994563
994214
994127
994047
993835
993781
993774
993677
993405
993387
993304
993282
993234
993231
993014
992975
992964
992745
992731
992703
992557
992485
992433
992373
992367
992266
992256
992160
992134
991647
991621
991420
991154
991100
990971
990911
990686
990316
990315
990268
990253
990231
990190
990139
990130
990100
990007
989867
989844
989714
989610
989506
989349
989340
989216
988956
988725
988670
988574
988500
988435
988402
988380
988218
988214
988090
988013
987908
987835
987813
987742
987658
987629
987619
987493
987476
987471
987412
987411
987253
986929
986912
986837
986724
986616
986393
986147
986072
986064
985737
985555
985391
985147
985091
985040
985035
984994
984799
984689
984660
984638
984544
984388
984346
984332
984265
984263
984219
984038
984005
983980
983962
983886
983810
983755
983466
983295
983142
983038
983008
982988
982799
982653
982591
982465
982465
982421
982405
982377
982303
982203
982119
982047
982043
981987
981845
981754
981632
981576
981409
981248
981245
981233
981189
981123
981075
981007
980986
980813
980772
980734
980649
980572
980391
980383
980337
980291
980110
979907
979885
979876
979874
979835
979816
979554
979529
979516
979484
979410
979357
979290
979142
979118
978934
978814
978812
978762
978694
978683
978567
978525
978509
978489
978320
978273
978222
978146
977944
977882
977838
977633
977314
977173
977029
977000
976993
976987
976982
976705
976703
976701
976492
976035
976014
975891
975860
975784
975699
975698
975604
975442
975399
975363
975361
975333
975306
975286
975260
975070
975046
975015
974986
974599
974579
974456
974423
974194
974055
973984
973796
973787
973418
973334
973246
973154
973026
972903
972884
972713
972695
972635
972505
972492
972433
972428
972383
972354
972248
972119
972078
971960
971720
971651
971645
971561
971524
971466
971456
971394
970919
970903
970886
970780
970778
970768
970722
970636
970513
970435
970431
970372
970363
970353
970189
969955
969861
969775
969742
969733
969433
969401
969186
969177
968978
968929
968833
968751
968590
968432
968423
968386
968311
967996
967983
967901
967892
967786
967706
967456
967450
967443
967298
966932
966633
966589
966568
966469
966281
966238
966087
966064
965949
965898
965868
965705
965640
965518
964821
964811
964807
964467
964291
964290
963845
963843
963761
963643
963450
963339
963290
963284
963272
962459
962443
962398
962287
962285
962042
962039
961952
961662
961491
961308
961164
961156
961093
961035
961009
960979
960954
960931
960920
960902
960862
960819
960578
960172
960002
959770
959723
959606
959524
959439
959223
959097
959065
959035
959012
958928
958876
958841
958706
958628
958297
958278
958023
957993
957971
957917
957772
957683
957351
957320
957223
957201
957137
957096
956842
956779
956743
956615
956600
956346
956311
956229
956190
955723
955686
955684
955620
955548
955537
955004
954949
954887
954876
954827
954649
954533
954525
954462
954444
954367
954293
954157
954130
953988
953892
953870
953841
953792
953717
953667
953484
953291
953247
953227
953170
953110
953050
952899
952765
952710
952527
952454
952298
952122
951993
951861
951825
951810
951689
951663
951537
951371
951362
951239
950817
950730
950695
950609
950578
950536
950449
950410
950355
950290
950267
950180
949948
949860
949740
949530
949480
949413
949116
948994
948936
948864
948681
948677
948550
948507
948497
948395
948285
948218
948024
948023
947874
947851
947729
947650
947429
947229
947126
947124
947026
946948
946915
946776
946725
946671
946629
946566
946336
946139
946098
946095
946054
946045
946044
945789
945628
945537
945526
945506
945449
945167
945082
945016
944959
944868
944822
944784
944768
944666
944557
944554
944481
944213
944156
943793
943761
943736
943524
943516
943404
943314
943194
943087
942810
942704
942464
942343
942163
941878
941683
941671
941594
941559
941368
941195
941067
941067
940915
940758
940664
940455
940415
940269
940182
939648
939570
939389
939294
939247
939205
938960
938940
938886
938753
938344
938260
938192
938012
937928
937889
937772
937746
937573
937421
936854
936829
936647
936607
936534
936439
936262
936248
936153
936030
935780
935767
935720
935689
935674
935502
935154
935102
935067
934842
934589
934289
934246
934211
934066
933833
933626
933625
933594
933511
933485
933314
933245
932981
932946
932832
932642
932519
932488
932460
932435
932307
932177
932100
931892
931747
931722
931719
931681
931668
931576
931402
931390
931355
931298
931286
931253
930975
930887
930870
930787
930498
930485
930341
930312
930218
930197
930154
929867
929858
929820
929819
929549
929529
929526
929218
929144
929083
928998
928880
928730
928713
928588
928494
928355
928201
927865
927811
927800
927607
927459
927330
927316
927271
927192
926940
926547
926228
925975
925843
925819
925735
925684
925605
925536
925353
925213
925203
925147
925086
925021
925006
924903
924783
924758
924700
924604
924550
924540
924461
924424
924396
924361
924198
924166
924078
924053
924046
924006
924004
923838
923799
923765
923539
923484
923447
923395
923384
923254
923091
922905
922897
922825
922810
922665
922307
922083
922079
922019
921973
921933
921817
921806
921646
921471
921360
921303
921201
921171
921059
921014
920854
920667
920638
920582
920497
920470
920300
920178
920042
919953
919744
919733
919467
919261
919253
919226
919055
919055
918757
918743
918730
918710
918652
918651
918560
918537
918302
918271
918030
917980
917510
917182
917015
916906
916862
916849
916811
916580
916492
916301
916260
916158
916123
916059
916042
916034
916025
915985
915892
915862
915834
915829
915752
915743
915661
915498
915383
915084
914999
914870
914674
914496
914455
914316
914281
914255
914178
914159
913922
913893
913811
913563
913492
913094
913090
912966
912641
912551
912480
912414
912349
912306
912292
912274
912234
912074
912042
912036
911980
911877
911726
911624
911527
911429
911393
911389
911346
911341
911311
911204
911178
911107
911094
910876
910862
910843
910807
910792
910746
910560
910493
910455
910115
909959
909891
909889
909763
909710
909605
909568
909563
909482
909380
909335
909294
909140
909068
908980
908831
908771
908614
908412
908249
908189
908012
907834
907802
907685
907623
907275
907217
907083
906934
906922
906860
906619
906318
906085
906073
905705
905589
905315
905188
905114
904781
904703
904579
904557
904523
904058
903820
903790
903659
903554
903386
903350
903319
903070
903067
902990
902931
902914
902755
902651
902620
902600
902544
902457
902426
902378
902315
902151
902143
902128
902027
901973
901843
901805
901758
901634
901589
901452
901426
901214
901166
901092
901061
900963
900844
900783
900753
900602
900594
900330
900324
900238
899972
899952
899775
899713
899695
899682
899586
899503
899438
899387
899353
899019
898626
898574
898393
898370
898211
898114
897816
897728
897485
897330
897199
897100
897076
896996
896882
896710
896589
896566
896477
896410
896378
896378
896302
896093
896058
895943
895889
895742
895673
895477
895449
895392
895222
895127
895058
894822
894693
894633
894382
894104
894056
893906
893897
893619
893544
893514
893403
893370
893232
893118
893074
892891
892827
892752
892749
892657
892432
892320
892222
892096
892078
892055
892011
891908
891841
891756
891724
891657
891262
891255
891064
890850
890468
890404
890249
890239
890229
890215
890105
890083
889960
889906
889886
889850
889730
889697
889682
889577
889491
889361
889274
889252
889054
889045
888914
888766
888757
888644
888531
888455
888412
888405
888315
888067
888047
888005
887903
887881
887675
887505
887487
887443
887280
887085
886951
886916
886849
886827
886697
886631
886629
886474
886459
886368
886277
886110
886081
885981
885737
885474
885330
885296
885202
885009
884892
884834
884714
884269
884269
884253
884229
884157
884067
884042
883879
883869
883685
883605
883599
883520
883504
883349
882943
882911
882862
882830
882777
882693
882652
882494
882426
882253
882160
882114
882081
881967
881760
881732
881686
881615
881506
881351
881301
881170
881088
881038
880829
880795
880722
880678
880618
880610
880549
880459
880445
880424
879918
879862
879802
879700
879588
879385
879168
879029
879003
878896
878663
878587
878518
878459
878453
878380
878363
878196
877997
877850
877635
877548
877539
877444
877362
877206
877097
876884
876839
876750
876615
876570
876386
876319
876286
876122
876086
875878
875596
875546
875308
875126
875105
874879
874658
874443
874330
874311
874287
874138
873973
873782
873745
873663
873518
873330
873329
873147
872982
872940
872818
872779
872671
872582
872477
872061
872011
871884
871838
871804
871783
871633
871616
871484
871386
871370
871270
871086
870998
870675
870667
870593
870482
870440
870358
870301
870291
870241
870073
870051
870037
870010
870002
869952
869921
869800
869760
869738
869372
869223
869197
869032
868969
868867
868689
868535
868355
868319
868179
868114
868066
868029
868001
867759
867715
867565
867525
867444
867425
867404
867393
867303
867278
867122
867030
866964
866908
866872
866766
866676
866568
866551
866527
866366
866287
866281
866084
866025
866002
865993
865974
865968
865812
865552
865517
865335
865185
865056
865044
864859
864838
864679
864504
864497
864417
864400
864359
864303
864236
863622
863590
863471
863377
863276
863206
862992
862889
862735
862375
862285
862125
862014
861938
861873
861815
861557
861520
861493
861327
861289
861178
861137
861123
861030
861028
860859
860674
860645
860584
860368
860363
860349
860339
860062
860008
859969
859923
859909
859904
859786
859766
859261
859031
858993
858973
858756
858658
858653
858609
858539
858430
858325
858170
858116
858006
857961
857912
857839
857729
857693
857665
857625
857493
857293
857211
857045
856698
856581
856245
856232
856163
856095
855971
855922
855731
855584
855501
855423
855421
855412
855335
855241
855236
854926
854882
854783
854767
854690
854659
854657
854574
854386
854266
854140
854113
853937
853854
853643
853583
853558
853555
853542
853372
853281
853106
852975
852841
852808
852716
852575
852521
852460
852418
852321
852311
852292
851998
851997
851954
851817
851766
851653
851635
851605
851598
851519
851465
851342
851339
851277
851236
850926
850815
850657
850508
850459
850237
850183
850174
850159
850100
850061
850060
849912
849884
849750
849677
849602
849532
849450
849426
849029
849012
849006
848813
848772
848762
848656
848552
848425
848195
848124
848021
847945
847800
847788
847738
847631
847538
847531
847483
847458
847449
847115
847002
846977
846967
846949
846903
846880
846809
846641
846441
846377
845847
845797
845745
845598
845582
845579
845419
845398
845335
845156
844755
844553
844511
844452
844267
844210
843904
843808
843685
843670
843663
843502
843457
843419
843352
843175
843053
843043
842978
842761
842568
842530
842370
842255
842169
842112
842046
842024
841848
841653
841430
841117
840898
840866
840855
840717
840684
840560
840560
840296
840121
840091
840071
840034
839986
839985
839981
839962
839953
839882
839778
839757
839757
839641
839184
838965
838930
838782
838733
838717
838593
838491
838436
838372
838328
838157
838132
838011
837983
837956
837934
837883
837721
837695
837546
837536
837504
837350
837190
837186
837070
837037
836954
836766
836710
836606
836546
836166
836156
836021
836010
836004
835992
835677
835587
835460
835382
835164
835086
834953
834922
834500
834455
834385
834375
834349
834175
834171
834116
834050
833849
833846
833767
833729
833647
833525
833525
833085
833052
833039
832902
832884
832850
832738
832638
832553
832497
832471
832469
832278
832273
832032
832013
831913
831889
831853
831686
831486
831476
831379
831349
831064
830735
830576
830520
830497
830443
830269
830238
830229
830116
830052
829886
829718
829696
829564
829343
829272
829260
829034
829021
828918
828907
828805
828792
828533
828524
828497
828411
828357
828229
827889
827883
827449
827284
827165
827125
826965
826937
826923
826883
826818
826463
826261
826217
826180
825909
825868
825838
825705
825575
825489
825467
825118
825011
824942
824938
824872
824812
824742
824541
824482
824272
824089
824060
823805
823761
823717
823681
823601
823599
823318
823194
823112
823107
823005
822970
822835
822653
822611
822604
822566
822067
821964
821887
821866
821726
821608
821577
821382
821139
821053
821024
820955
820877
820745
820721
820713
820645
820584
820476
820421
820411
820184
820178
820177
820161
820140
820122
820118
820030
819574
819567
819534
819487
819485
819482
819480
819206
819162
819157
819156
818868
818786
818761
818759
818640
818601
818477
818242
818135
817909
817723
817702
817525
817521
817487
817382
817320
816957
816799
816780
816552
816547
816388
816366
816309
816190
816173
816124
815690
815557
815533
815295
815294
814999
814989
814933
814836
814799
814480
814381
814230
814027
813856
813662
813520
813377
813372
813271
813081
812951
812913
812767
812674
812631
812592
812500
812500
812450
812319
812193
812190
812146
812072
812068
812061
811908
811651
811541
811509
811421
811290
811233
811225
811214
810981
810898
810852
810840
810743
810668
810667
810636
810626
810601
810597
810589
810535
810512
810400
810336
810323
810102
810088
810001
809935
809930
809550
809388
809273
809190
809097
808999
808919
808851
808803
808774
808740
808733
808729
808564
808384
808347
808203
808136
808007
807880
807844
807810
807592
807563
807556
807505
807469
807459
807397
807127
806852
806701
806684
806654
806645
806591
806530
806408
806248
806215
806207
806160
805989
805813
805628
805626
805471
805330
805154
805113
804984
804965
804872
804720
804635
804580
804567
804434
804386
804240
804223
804061
804054
803956
803923
803845
803841
803807
803794
803737
803626
803525
803514
803492
803431
803405
803363
802941
802686
802677
802635
802292
802261
802232
802045
801680
801563
800864
800791
800647
800570
800562
800150
800099
800080
800060
799855
799719
799460
799389
799351
799340
799167
799076
799034
798841
798818
798719
798676
798651
798530
798515
798457
798279
798210
798208
798187
797945
797855
797820
797805
797776
797729
797593
797414
797384
797239
797038
797023
797004
796953
796840
796812
796682
796603
796461
796371
796105
796045
795720
795602
795535
795513
795493
795367
795313
795295
794997
794862
794822
794774
794702
794611
794606
794554
794533
794436
794238
794196
794190
794009
793956
793753
793704
793690
793624
793489
793464
793449
793447
793407
793263
793233
793033
792999
792796
792746
792628
792587
792542
792406
792404
792362
792344
792313
792058
792017
791940
791881
791658
791307
791203
791095
790877
790866
790797
790708
790614
790515
790493
790480
790174
790082
789966
789634
789604
789598
789587
789539
789313
789262
789245
789145
788915
788845
788680
788680
788605
788569
788548
788516
788492
788358
788320
788197
788168
788144
788119
788094
787984
787890
787873
787867
787865
787439
787428
787286
787224
787056
787054
786913
786655
786644
786570
786360
786300
786216
786116
786072
785914
785892
785615
785261
785214
785076
785075
785045
785042
784989
784988
784860
784595
784514
783867
783273
783094
782930
782839
782731
782524
782441
782363
782222
782160
782144
781980
781807
781776
781680
781650
781575
781515
781386
781305
781228
781081
780991
780940
780848
780825
780797
780715
780448
779817
779810
779809
779695
779613
779507
779192
779024
778853
778771
778752
778541
778479
778474
778323
778253
778184
777904
777853
777705
777658
777652
777541
777329
777227
776874
776654
776633
776617
776574
776545
776299
776076
775992
775808
775751
775708
775558
775456
775449
775432
775256
775221
775201
774932
774871
774771
774583
774406
774378
774150
773813
773781
773688
773576
773570
773520
773439
773145
773017
772992
772954
772911
772669
772646
772401
772400
772299
772294
772189
772187
772156
772081
771869
771755
771680
771616
771568
771538
771443
771362
771143
770779
770755
770517
770496
770486
770312
770210
770148
770119
770076
769987
769967
769858
769842
769538
769316
769237
769117
768912
768854
768753
768656
768640
768615
768449
768409
768399
768283
768203
767632
767574
767504
767421
767267
767265
767211
767145
767132
767077
766995
766946
766922
766675
766626
766622
766546
766539
766516
766297
766052
765992
765966
765948
765894
765566
765527
765131
765116
765094
765047
764951
764875
764708
764685
764662
764426
764220
764206
764175
764165
763771
763749
763694
763387
763325
763310
763227
763182
763122
763098
763094
763017
763016
762996
762561
762558
762557
762438
762394
762214
762185
762021
761973
761856
761773
761674
761646
761636
761632
761371
761344
761316
761220
761090
761061
760924
760669
760626
760566
760563
760530
759855
759715
759603
759592
759528
759467
759388
759322
759151
759139
759075
758974
758512
758475
758439
758033
757899
757788
757628
757509
757470
757188
757095
757067
756618
756487
756354
756352
756348
756201
756091
756082
756003
755911
755571
755531
755488
755255
755152
754858
754815
754729
754700
754659
754156
754011
753929
753639
753582
753368
753349
753345
753021
752983
752976
752944
752874
752836
752618
752598
752379
752200
752126
752113
752094
752006
751967
751947
751837
751663
751626
751588
751584
751555
751526
751512
751483
751304
751188
751044
751015
750656
750487
750336
750289
750003
749992
749789
749784
749428
749395
749383
749352
749342
749122
748717
748661
748501
748497
748402
748391
748022
747788
747670
747504
747400
746980
746887
746736
746669
746498
746452
746198
746130
746033
746004
745917
745800
745794
745755
745717
745658
745434
745410
745221
745179
745133
745099
744853
744756
744591
744591
744487
744426
744408
744378
744348
744344
744225
744181
744094
744074
743955
743655
743636
743551
743463
743127
742901
742825
742765
742755
742687
742475
742421
742022
741798
741611
741551
741537
741517
741479
741107
741015
741003
740825
740755
740519
740273
740270
740219
740173
740137
740029
740026
739920
739859
739654
739556
739481
739449
739287
739118
739011
738987
738942
738586
738411
738312
738182
738064
737998
737974
737910
737893
737870
737752
737750
737636
737600
737576
737516
737380
737365
737284
737270
737113
736747
736721
736712
736633
736617
736427
736388
736129
736032
735990
735776
735745
735647
735639
735549
735482
735469
735404
735374
735161
735154
735090
734802
734795
734626
734428
734425
734315
734280
734272
734072
734051
733869
733278
733234
733091
732681
732677
732662
732647
732569
732442
732387
732303
732178
731984
731970
731873
731634
731303
731254
731233
731139
731098
731055
731035
730926
730828
730786
730672
730667
730396
730373
730239
730144
730080
729962
729947
729883
729713
729610
729591
729090
729090
729046
728891
728862
728799
728767
728696
728585
728465
728443
728424
728313
728296
728279
728247
728191
728136
727882
727866
727640
727438
727420
727320
727320
727236
727189
727113
727009
726847
726541
726416
726155
725793
725729
725673
725656
725202
725093
725035
724907
724816
724726
724722
724649
724601
724471
724444
724397
724376
724361
724336
724304
724212
724209
724177
724060
724027
724020
723686
723214
723174
723147
722987
722917
722876
722771
722546
722466
722421
722375
722037
722010
721957
721910
721833
721814
721642
721630
721551
721477
720968
720949
720932
720930
720711
720670
720634
720454
720442
720391
720219
720147
719589
719502
719474
719437
719266
719087
719006
718994
718988
718862
718772
718771
718743
718519
718514
718499
718446
718205
718034
717991
717954
717858
717804
717794
717705
717681
717261
717036
716859
716832
716644
716641
716520
716401
716370
716357
716337
716312
716154
716116
715955
715918
715701
715660
715546
715526
715510
715451
715362
715044
715040
714969
714692
714684
714623
714433
714166
714152
714101
714078
714067
714061
714002
713972
713912
713602
713536
713370
713339
713063
713041
712984
712984
712969
712858
712671
712552
712516
712469
712464
712270
712188
712136
712016
711877
711801
711512
711508
711432
711273
710955
710938
710721
710658
710496
710485
710475
710404
710364
710310
710151
710096
709946
709898
709693
709692
709653
709631
709474
709288
709264
709238
709237
709203
709086
709030
709003
708900
708799
708719
708446
708403
708338
708293
708234
707953
707839
707649
707233
707205
707019
706704
706682
706615
706518
706465
706393
706239
706057
705940
705939
705929
705831
705749
705748
705701
705626
705304
705220
705197
704947
704934
704819
704549
704479
704206
704102
703922
703856
703804
703590
703589
703522
703488
703471
703436
703361
703233
703221
703197
703080
703041
703010
702730
702704
702661
702639
702603
702475
702470
702277
702194
702156
702079
702066
702027
702002
701851
701803
701662
701637
701404
701369
701350
701240
701210
701147
701087
700795
700770
700770
700723
700529
700150
700129
700122
700057
700040
699863
699739
699735
699596
699526
699466
699422
699415
699326
699062
698891
698671
698641
698581
698266
698205
698031
697971
697939
697919
697804
697777
697757
697738
697715
697661
697395
697391
697330
697222
697019
696747
696597
696587
696519
696293
696152
696065
695848
695813
695748
695548
695202
695160
695053
695045
695002
694931
694781
694618
694586
694549
694546
694329
694304
694239
694230
694142
694121
694056
694010
693993
693967
693940
693545
693424
693359
693348
693325
693220
693219
693050
693040
692695
692550
692510
692388
692379
692141
692140
692119
692015
691955
691924
691869
691811
691806
691771
691676
691617
691380
691232
691152
691067
691042
690873
690805
690770
690525
690509
690434
690364
690288
690229
690183
690037
689983
689597
689591
689565
689532
689416
689381
689116
688850
688847
688766
688629
688552
688541
688478
688403
688402
688232
687972
687941
687941
687868
687852
687815
687693
687609
687547
687547
687399
687370
687326
687185
687026
686920
686450
686323
686266
686027
685845
685478
685411
685333
685310
685141
684938
684903
684736
684726
684706
684676
684621
684581
684461
684442
684325
684288
684162
684142
684053
683931
683613
683276
683261
683206
683111
683101
682976
682884
682823
682675
682635
682568
682481
682393
682366
682326
682048
681976
681970
681943
681893
681828
681735
681418
681377
681271
681262
681199
681075
681049
680907
680850
680678
680546
680367
680258
680211
680040
680030
680024
679867
679781
679570
679333
679166
679102
679020
679013
678874
678838
678826
678710
678564
678483
678463
678200
678198
678016
678006
677979
677864
677799
677332
677121
677072
677024
676968
676935
676925
676895
676346
676189
676154
676124
675868
675713
675657
675631
675619
675548
675421
675247
675230
675166
675099
674889
674809
674766
674755
674689
674627
674489
674438
674330
674256
674074
674057
674027
673685
673673
673672
673638
673554
673548
673431
673263
673155
672909
672763
672760
672664
672602
672596
672585
672423
672158
672136
672099
671945
671516
671301
671295
671294
671090
671007
670868
670771
670727
670592
670575
670537
670509
670451
670277
670164
670110
669984
669958
669798
669791
669789
669787
669682
669648
669621
669601
669585
669425
669262
669245
669236
669216
668930
668824
668636
668459
668193
668170
667891
667890
667767
667738
667703
667694
667686
667671
667595
667555
667448
667130
667056
667031
667000
666880
666872
666865
666804
666796
666746
666559
666347
666259
666147
666095
666083
665992
665928
665726
665332
665164
665136
665114
664895
664748
664498
664427
664312
664275
664245
664226
664153
664099
663913
663766
663738
663665
663568
663478
663466
663442
663434
663247
663148
663137
663099
662898
662829
662568
662459
662431
662378
662374
662372
661974
661844
661842
661712
661623
661533
661408
661318
661307
661163
661136
660983
660956
660902
660812
660676
660502
660315
660245
660219
660202
660103
659839
659784
659782
659598
659471
659351
659283
659096
659056
659028
658965
658856
658833
658600
658589
658578
658556
658231
657911
657858
657665
657620
657566
657534
657513
657483
657352
657214
657132
657119
657080
656834
656751
656717
656613
656563
656230
656147
656008
655905
655788
655742
655603
655481
655383
655123
655007
654982
654520
654284
654150
654126
653920
653888
653785
653729
653690
653626
653488
653013
652860
652818
652780
652731
652598
652513
652478
652407
652385
652310
652268
652121
652093
651932
651882
651832
651816
651810
651761
651682
651655
651452
651450
651263
651208
651143
651107
651001
650733
650593
650433
650352
650349
650331
650071
649994
649596
649481
649475
649372
649363
649361
649353
649015
648919
648867
648776
648741
648669
648589
648271
648228
648080
648074
648007
647968
647946
647800
647765
647703
647671
647669
647525
647511
647435
647417
647205
647195
647140
646817
646811
646782
646709
646677
646404
646398
646364
646354
646320
646282
645682
645496
645140
645116
645075
644963
644905
644693
644593
644572
644547
644470
644340
644332
644322
644291
644121
644096
643982
643932
643919
643909
643839
643753
643714
643573
643494
643351
643255
643217
643164
642996
642988
642968
642904
642829
642722
642708
642678
642577
642566
642559
642539
642460
642367
642337
642319
642248
642215
642147
642135
642033
641810
641451
641393
641330
641195
641154
641127
640907
640900
640895
640821
640803
640777
640598
640410
640291
640245
640245
640191
640007
639965
639872
639753
639743
639701
639625
639608
639552
639490
639330
639316
639269
639112
638833
638584
638382
638331
638328
638103
638058
637930
637877
637859
637823
637729
637700
637445
637309
637234
637170
637148
637099
637054
636968
636944
636939
636732
636720
636657
636380
636358
636272
636125
636003
635998
635824
635730
635691
635454
635389
635258
635226
634907
634853
634786
634735
634725
634596
634504
634421
634400
634353
634159
634004
633957
633954
633915
633893
633656
633645
633567
633553
633531
633491
633488
633409
633312
633284
633200
633154
632727
632653
632522
632518
632514
632298
632286
632200
632104
631935
631934
631914
631534
631421
631369
631271
631244
631087
630921
630854
630840
630768
630712
630707
630480
630424
630366
630181
630175
630114
630062
630058
629864
629834
629683
629500
629328
629214
629177
629176
629176
629117
629106
629090
629088
629060
629036
628969
628962
628862
628760
628720
628675
628562
628336
628294
628100
628038
628028
627975
627874
627822
627661
627514
627458
627428
627399
627383
627295
627290
627183
627168
627123
627097
627095
627083
626786
626744
626739
626718
626521
626495
626430
626237
625961
625760
625733
625695
625512
625496
625404
625392
625386
625292
625252
625106
624986
624876
624817
624790
624715
624622
624608
624601
624546
624525
624394
624261
624127
624121
624063
623883
623821
623695
623581
623353
623327
623191
623133
622850
622647
622526
622524
622483
622482
622463
622289
622258
622185
622154
621787
621739
621649
621630
621452
621425
621339
621317
621220
621151
621017
620935
620756
620553
620490
620347
620193
620115
620111
619840
619790
619524
619502
619449
619309
619203
619182
619144
619139
619025
619005
619003
618968
618869
618839
618805
618784
618428
618329
618199
617895
617740
617599
617397
617317
617270
617227
617165
617149
617124
617067
616885
616779
616735
616615
616351
616089
615778
615626
615462
615275
615206
615067
614963
614893
614878
614834
614834
614802
614779
614743
614376
614351
613859
613610
613500
613452
613185
613149
612996
612865
612849
612827
612746
612739
612627
612573
612551
612547
612345
612258
612128
612006
611962
611911
611846
611833
611806
611677
611501
611452
611402
611184
610987
610915
610863
610844
610744
610488
610442
610418
610395
610301
610273
610022
609957
609909
609878
609859
609816
609662
609428
609333
609324
609311
609288
609279
609220
609108
608699
608639
608436
608090
608085
607978
607938
607773
607758
607582
607567
607400
607164
607119
607110
607004
606864
606856
606843
606658
606628
606459
606401
606315
606168
606159
606139
606102
606033
605965
605956
605874
605693
605588
605543
605329
605030
604890
604673
604445
604429
604410
604354
604326
604192
603905
603860
603549
603398
603393
603244
603217
603177
602978
602635
602446
602390
602363
602349
602240
602038
601935
601802
601637
601582
601561
601424
601395
601075
601069
600999
600883
600831
600691
600545
600540
600504
600428
600333
600261
600126
600015
599951
599860
599798
599735
599614
599417
599342
599286
599268
599120
598999
598988
598916
598647
598609
598377
598191
597806
597785
597764
597593
597297
597208
597182
597175
597102
597097
596932
596800
596785
596768
596667
596631
596505
596435
596339
595761
595658
595545
595180
595172
595047
594878
594803
594736
594648
594547
594526
594437
594400
594347
594335
594315
594198
594132
594049
594008
593813
593713
593549
593377
593297
593195
592971
592838
592818
592751
592711
592671
592563
592500
592260
592230
591730
591484
591400
591363
591273
591240
591191
591057
590890
590723
590673
590646
590622
590548
590503
590167
590114
589985
589915
589909
589775
589764
589575
589528
589233
589162
589130
589037
588839
588820
588790
588739
588467
588432
588266
588244
588149
588134
588062
587997
587885
587718
587642
587411
587225
587138
586969
586906
586867
586799
586701
586501
586366
586243
586187
586080
585929
585881
585855
585853
585848
585563
585550
585374
585369
585184
585125
585046
585027
584857
584832
584729
584695
584622
584201
584154
583826
583824
583709
583699
583686
583657
583579
583421
583391
583388
583353
583324
583311
583308
583279
583197
583152
583113
582879
582850
582732
582727
582722
582665
582564
582562
582547
582475
582414
582393
582330
582025
581989
581961
581877
581745
581725
581654
581561
581279
581212
581168
581155
581124
581003
580957
580946
580928
580814
580773
580749
580558
580280
580205
580149
580132
580114
580027
579785
579586
579541
579524
579336
579305
579000
578927
578872
578721
578572
578450
578411
578335
578184
577930
577892
577676
577481
577468
577393
577343
577228
577058
577055
577047
576870
576817
576707
576551
576551
576490
576111
575696
575567
575487
575386
575200
575091
575065
575040
575020
574973
574724
574700
574661
574659
574606
574532
574522
574479
574294
574194
574091
573973
573771
573747
573620
573508
573360
572915
572880
572784
572759
572711
572485
572474
572423
572374
571908
571868
571824
571759
571642
571492
571469
571467
571447
571349
571346
571280
571084
570753
570626
570599
570512
570440
570429
570302
569880
569855
569853
569830
569819
569721
569672
569340
569022
569007
568959
568884
568597
568566
568500
568469
568437
568360
568209
568205
568194
568155
568058
568007
567922
567826
567482
567244
567194
567120
566966
566818
566754
566603
566593
566567
566454
566413
566344
566198
566180
566131
565961
565846
565844
565628
565564
565519
565516
565390
565308
565204
565192
565075
565071
564922
564905
564803
564754
564592
564580
564535
564520
564445
564402
564378
564315
564209
564007
564005
563852
563824
563811
563569
563316
563225
563156
562989
562975
562930
562632
562598
562355
562328
562303
562275
562194
562163
562117
562049
561950
561947
561665
561653
561473
561347
561315
561060
561051
561045
561042
561015
560997
560985
560960
560771
560689
560611
560540
560507
560412
560410
560409
560249
560145
560030
559953
559946
559525
559322
558840
558794
558635
558634
558520
558287
558199
558162
558119
558029
557506
557419
557209
557188
557147
557113
556880
556777
556743
556687
556683
556655
556414
556391
556321
555903
555838
555834
555685
555684
555479
555258
555231
555220
554883
554869
554851
554746
554551
554511
554406
554370
554310
554168
554156
554066
554058
554021
554015
553881
553796
553771
553360
553328
553255
553197
552342
552180
551999
551956
551896
551866
551861
551856
551844
551538
551138
551049
550781
550486
550472
550380
550325
550265
550145
550080
550077
550074
550029
549953
549880
549852
549711
549694
549685
549518
549438
549438
549399
549373
549370
549213
549139
549046
548981
548836
548409
548250
547989
547957
547889
547753
547689
547594
547468
547459
547452
547303
547269
547217
547167
546752
546665
546578
546546
546511
546387
546037
545943
545844
545579
545436
545342
545285
545229
545146
544916
544534
544525
544471
544387
544359
544226
544182
543935
543901
543855
543773
543762
543705
543617
543397
543218
542973
542931
542878
542583
542563
542381
542189
542111
542064
541879
541828
541632
541597
541590
540885
540825
540738
540684
540620
540616
540508
540408
540323
540288
540280
540180
540031
539736
539679
539629
539604
539565
539493
539466
539447
539387
539326
539271
539229
539210
539117
539043
538984
538806
538773
538757
538652
538632
538629
538571
538571
538295
538175
538146
538102
537940
537909
537832
537786
537668
537560
537441
537409
537267
537169
537135
537130
537081
537015
536915
536804
536645
536573
536491
536486
536422
536161
535996
535945
535778
535770
535729
535692
535444
535435
535416
535385
535366
535365
535281
535163
535160
535159
534977
534703
534648
534547
534439
534398
534339
534251
534227
534126
534093
534021
533800
533762
533663
533448
533405
533380
533108
533103
532869
532865
532840
532816
532761
532365
532156
532027
531993
531887
531869
531749
531679
531604
531575
531373
531322
531298
531038
530845
530690
530652
530438
530125
530078
530039
529770
529646
529538
529533
529532
529447
529344
529343
529314
529307
529252
529247
529242
529196
529156
529061
529031
528926
528758
528744
528694
528449
528319
528248
528223
528061
528006
527985
527971
527812
527671
527660
527659
527620
527429
527370
527364
527354
527243
526985
526857
526800
526644
526503
526323
526184
526087
525923
525837
525804
525616
525568
525307
525235
525207
525148
525092
525029
525020
524988
524872
524847
524826
524825
524679
524380
524228
524212
524097
524045
523992
523981
523889
523844
523834
523696
523679
523675
523528
523519
523510
523500
523364
523184
523183
523151
523066
523052
523047
522971
522843
522594
522565
522540
522486
522316
522314
522277
522128
521961
521692
521672
521662
521579
521558
521146
521030
521026
520981
520965
520819
520530
520452
520400
520395
520322
520157
520052
519998
519944
519790
519661
519652
519471
519460
519451
519423
519345
519332
519120
519063
519025
518999
518898
518858
518846
518715
518467
518423
518405
518262
517883
517701
517685
517676
517647
517531
517312
517283
517280
517237
517222
517184
516750
516660
516535
516508
516484
516272
516227
516202
516119
516110
516082
515922
515828
515826
515810
515660
515597
515476
515383
515185
515164
514998
514881
514830
514798
514771
514726
514585
514530
514504
514415
514241
514130
514081
514080
513933
513901
513849
513775
513712
513688
513621
513471
513249
513001
512906
512904
512827
512737
512717
512521
512479
512311
512255
512229
512222
512169
512139
511837
511530
511428
511295
511164
510998
510986
510952
510722
510513
510307
510286
510266
510250
510192
510050
509624
509492
509446
509149
509089
508819
508776
508513
508227
508225
508182
508097
507969
507866
507790
507758
507676
507620
507423
507400
507300
507228
507190
507063
507060
507013
506935
506891
506860
506764
506762
506730
506706
506688
506653
506617
506426
506230
506116
505979
505929
505519
505473
505444
505229
505213
505153
505116
505097
505052
504863
504855
504736
504625
504597
504547
504240
503904
503901
503824
503640
503476
503466
503207
503144
503098
502965
502839
502811
502789
502570
502452
502437
502426
502358
502354
502276
502268
502171
502140
502085
502019
502015
501891
501773
501740
501679
501649
501623
501372
501346
501238
500924
500771
500439
500407
500383
500333
500107
500097
499289
499146
499116
499019
498451
498135
498035
497943
497894
497668
497667
497604
497396
497349
497269
496991
496698
496691
496599
496494
496445
496342
495878
495822
495712
495626
495522
495514
495459
495408
495176
495048
494640
494596
494570
494267
494206
493875
493734
493539
493434
493247
493231
493089
493074
493051
492879
492614
492556
492332
492269
492161
492014
491833
491787
491753
491749
491670
491547
491475
491444
491368
491328
491310
491292
491243
491194
491154
491108
491098
491086
490998
490965
490937
490918
490799
490582
490541
490518
490502
490372
490357
490258
489990
489941
489747
489652
489587
489546
489478
489294
489213
489207
489090
488967
488643
488551
488503
488292
488290
488272
488122
487925
487791
487683
487671
487212
487202
487154
487062
486910
486891
486645
486554
486354
486319
486251
486116
486106
486090
486085
486027
486022
485994
485975
485895
485818
485801
485695
485612
485571
485534
485486
485358
485351
485322
485152
485118
485046
484837
484820
484516
484481
484468
484454
484400
484370
484254
484244
484214
484207
483984
483859
483698
483691
483467
483369
483347
483329
483182
483159
482959
482802
482629
482617
482571
482262
482137
481884
481731
481675
481595
481571
481467
481399
481367
481313
481051
481051
481034
481030
480981
480965
480848
480648
480313
480305
480231
480203
480144
479862
479845
479755
479735
479690
479664
479613
479478
479169
479063
478885
478839
478691
478588
478544
478449
478342
478300
478224
478079
478068
477657
477630
477616
477430
477070
476998
476949
476922
476908
476637
476595
476567
476108
475955
475905
475902
475802
475741
475735
475650
475642
475330
475065
475018
474996
474866
474805
474779
474647
474514
474414
474331
474230
474160
474075
474071
474069
474064
474048
473938
473802
473768
473737
473673
473625
473482
473393
473103
472969
472958
472954
472947
472886
472858
472807
472744
472664
472575
472331
472262
472202
472132
471980
471976
471944
471857
471821
471789
471672
471445
471401
471356
470850
470764
470725
470723
470589
470544
470525
470510
470371
470273
470233
470080
470004
469947
469943
469883
469768
469735
469469
469447
469413
469401
469326
469280
469226
469114
469089
469080
468971
468910
468838
468422
468367
468364
468344
468329
468166
468113
468108
468078
467947
467933
467890
467842
467670
467658
467449
467132
467050
466889
466767
466384
466079
465917
465327
464998
464782
464680
464666
464660
464571
464473
464247
464184
464132
464129
464084
464004
463995
463956
463901
463840
463731
463703
463601
463429
463392
463355
463328
463303
463147
463128
462857
462801
462782
462753
462256
462226
462219
462117
462059
462055
461847
461543
461496
461455
461429
461324
461284
461250
460878
460810
460709
460705
460687
460520
460482
460376
460321
460268
460247
460065
459861
459839
459752
459626
459525
459497
459489
459353
459239
459009
458956
458930
458834
458829
458811
458690
458644
458297
458294
458217
458076
458056
457860
457827
457762
457582
457511
457470
457272
456990
456901
456824
456676
456601
456584
456417
455965
455929
455927
455919
455916
455568
455526
455503
455496
455348
455242
455209
454862
454795
454619
454414
454413
453984
453852
453810
453797
453650
453644
453580
453525
453305
452829
452647
452539
452431
452399
452194
451909
451869
451767
451601
451408
451352
451309
451238
451203
451052
450985
450982
450819
450746
450719
450653
450532
450403
450246
450207
450171
450067
449971
449802
449762
449757
449646
449615
449555
449505
449502
449494
449483
448990
448885
448835
448644
448625
448318
448317
448179
448104
447793
447724
447682
447674
447630
447364
447309
447289
447191
447174
447092
447075
447022
447008
446935
446893
446849
446804
446652
446548
446527
446430
446419
446084
445845
445807
445673
445596
445566
445547
445265
444684
444645
444636
444633
444100
444066
444031
443966
443691
443455
442975
442587
442540
442327
442141
442021
441973
441806
441784
441487
441439
441425
441329
441238
440991
440832
440785
440730
440712
440566
440328
440109
439850
439664
439564
439529
439502
439439
439115
439080
439002
438933
438740
438591
438541
438523
438306
438215
438099
438081
438070
438008
437996
437970
437604
437601
437075
437049
436966
436879
436754
436629
436624
436582
436521
436508
436466
436041
435835
435716
435393
435262
435177
434980
434854
434833
434815
434679
434651
434626
434422
434378
434200
434063
433999
433903
433846
433754
433473
433458
433279
433263
433145
433067
432740
432654
432621
432508
432432
432388
432385
432374
432336
432220
432184
432156
432086
432081
432039
431889
431670
431575
431496
431493
431318
431237
431146
431115
431033
430944
430837
430229
430130
429879
429867
429803
429712
429578
429511
429426
429328
429061
428991
428931
428918
428855
428793
428429
428422
428313
428304
428151
428110
428085
428077
428018
427246
427235
427000
426940
426628
426569
426551
426527
426140
426032
426010
425756
425574
425569
425320
425258
425014
424922
424770
424370
424353
424311
424189
424123
423907
423907
423786
423720
423649
423487
423323
423078
423038
422992
422957
422916
422790
422578
422545
422476
422285
422251
422149
421705
421656
421589
421505
421214
421177
420922
420896
420884
420809
420773
420709
420645
420519
420451
420395
420215
420189
420138
420050
419916
419914
419828
419726
419695
419655
419374
419356
419248
419042
418900
418785
418714
418652
418488
418393
418178
418152
418096
418032
417966
417908
417896
417850
417711
417659
417644
417618
417535
417472
417466
417452
417163
416649
416540
416499
416413
416197
416159
415998
415693
415521
415407
415247
415086
415005
414950
414884
414843
414678
414585
414532
414482
414478
414445
414430
414402
414288
414261
414254
414135
414078
414009
413813
413809
413801
413740
413715
413644
413517
413488
413265
412986
412911
412891
412862
412855
412583
412310
412019
411894
411855
411783
411514
411096
411088
411006
410624
410379
409912
409841
409717
409460
409372
409294
409031
408966
408932
408921
408827
408783
408783
408737
408653
408619
408564
408552
408476
408434
408224
408097
408089
408067
408001
407466
407416
407324
407295
407249
407020
406864
406846
406585
406566
406529
406518
406458
406380
406348
406296
406288
406147
405949
405884
405630
405518
405451
405380
405284
405265
405107
405073
404898
404881
404508
404410
404374
404283
404150
404081
404040
403941
403887
403858
403803
403668
403639
403625
403608
403558
403000
402930
402918
402893
402783
402732
402709
402705
402610
402600
402586
402565
402529
402503
402028
401827
401603
401537
401497
401429
401414
401162
401139
401105
400810
400735
400628
400581
400540
400436
400337
400257
400185
399815
399807
399757
399545
399324
399234
399075
399044
398957
398805
398743
398735
398692
398313
398269
398266
398253
398219
398057
397955
397936
397927
397675
397672
397639
397573
397517
397517
397513
397472
397429
397396
397306
397205
397052
396587
396585
396341
396320
396291
396128
395909
395767
395764
395551
395426
395408
395337
395219
395214
395155
395070
395047
394912
394826
394821
394773
394716
394681
394583
394436
394380
394099
393801
393320
393281
393264
393256
393064
392921
392793
392754
392737
392681
392660
392470
392448
392446
392338
392299
392292
392283
392100
392005
391500
391426
391405
391368
391308
391271
391198
391086
390920
390918
390822
390796
390715
390589
390543
390414
390409
390212
389985
389928
389429
389402
389376
389373
389310
388901
388733
388688
388556
388550
388538
388519
388512
388352
388267
388264
388193
388190
388150
388116
388089
387343
387330
387318
387179
387127
387028
387018
386976
386898
386894
386840
386702
386694
386656
386411
386373
386334
386262
386245
386180
386171
386020
385768
385461
385429
385422
385338
385293
385124
385091
385035
384945
384798
384663
384578
384322
384295
384251
384237
384157
383984
383976
383894
383890
383721
383587
383557
383515
383505
383372
383207
383184
383082
383022
382983
382856
382774
382706
382687
382539
382474
382368
382322
382281
382156
382134
382057
381968
381887
381858
381823
381699
381603
381596
381526
381467
381451
381412
381303
381269
381128
380974
380898
380778
380660
380644
380606
380596
380432
380154
379965
379771
379685
379683
379666
379630
379537
379518
379355
379130
379075
378999
378902
378669
378527
378380
378317
378308
378280
378013
377861
377834
377631
377593
377426
377288
377186
377158
377095
377052
376776
376758
376455
376379
376357
376335
376250
376216
376205
376178
376163
376036
375915
375844
375682
375595
375517
375484
375424
375327
375290
375045
374908
374748
374705
374642
374621
374469
374398
374288
374287
374233
374196
374112
373885
373880
373854
373708
373493
373433
373370
373249
373106
373030
372903
372732
372334
371965
371949
371557
371470
371421
371268
371253
371235
371093
370878
370809
370757
370673
370421
370343
370242
370094
370076
369985
369769
369692
369647
369554
369538
369523
369475
369302
369053
369050
368902
368895
368764
368730
368618
368506
368287
368158
368101
368027
367846
367724
367722
367637
367561
367395
367374
367344
367285
367085
367060
366764
366699
366637
366379
366342
366298
366030
366018
365986
365962
365960
365829
365703
365665
365563
365534
365431
365420
365351
365224
365166
365155
364914
364881
364879
364812
364786
364781
364745
364741
364733
364621
364505
364351
364224
364079
364017
363982
363824
363560
363553
363476
363396
363375
363363
363344
363159
363134
363115
363102
362870
362709
362657
362626
362589
362489
362239
362107
361881
361849
361819
361772
361572
361537
361519
361462
361442
361336
361277
361123
361123
360967
360755
360663
360607
360530
360498
360086
360076
359931
359926
359843
359825
359633
359629
359606
359601
359499
359274
359179
359172
359161
359091
359009
358843
358751
358677
358642
358628
358556
358488
358475
357943
357856
357641
357506
357438
357418
357412
357205
357185
357058
357021
356992
356846
356825
356697
356671
356587
356535
356496
356387
356262
356192
356139
356053
355983
355980
355775
355770
355700
355605
355560
355544
355504
355461
355450
355426
355246
355199
355179
355152
355117
355116
355111
355111
355087
354869
354858
354829
354778
354696
354676
354510
354459
354443
354388
354289
354218
354187
354111
354047
353899
353888
353843
353792
353705
353686
353628
353542
353374
353224
353214
353207
353014
353000
352923
352839
352560
352540
352486
352471
352328
352268
351986
351907
351896
351848
351792
351758
351558
351315
351276
351174
350829
350751
350749
350605
350595
350564
350508
350497
350421
350385
350205
350151
350120
350100
350069
350056
349892
349862
349740
349733
349710
349668
349555
349366
349348
349285
349276
349228
349205
349152
349144
349075
349047
348929
348730
348617
348606
348571
348477
348131
348092
348091
347948
347667
347608
347563
347484
347403
347350
347335
347301
347129
347108
347105
347099
347098
346898
346890
346880
346879
346813
346298
346250
346156
346099
345995
345819
345789
345779
345728
345492
345440
345394
345283
345218
345177
345173
345095
345093
345008
344890
344697
344684
344611
344582
344486
344333
344022
343932
343896
343890
343853
343848
343760
343420
343321
343202
343201
343023
343014
342851
342789
342776
342508
342487
342422
342391
342373
342333
342320
342303
342286
342209
341970
341869
341703
341585
341558
341501
341420
341398
341388
341309
341151
341072
341042
340786
340627
340612
340545
340427
340267
340201
340155
340078
339915
339904
339876
339813
339785
339756
339747
339710
339623
339409
339409
339137
338737
338546
338517
338490
338275
338104
338074
337985
337940
337735
337701
337676
337556
337365
337338
337275
337264
337256
337200
336955
336814
336813
336773
336611
336495
336367
336310
336117
336021
335861
335609
335584
335461
335434
335174
335106
335080
334921
334915
334658
334551
334355
334267
334189
334043
334005
333772
333761
333429
333214
332979
332979
332829
332726
332713
332566
332361
332109
331580
331459
331416
331179
331150
330977
330922
330902
330749
330673
330640
330637
330539
330504
330496
330473
330441
330280
330202
330135
329649
329616
329513
329368
329157
329036
329005
328737
328584
328502
328309
328141
327959
327807
327766
327709
327691
327276
327136
327051
327032
326987
326986
326935
326868
326854
326850
326787
326742
326657
326644
326487
326462
326431
326251
326159
326029
325942
325835
325803
325759
325611
325571
325554
325204
324917
324874
324856
324823
324810
324776
324728
324706
324690
324359
324289
324143
324093
324047
324025
323868
323842
323776
323729
323528
323322
323292
323214
322954
322711
322677
322444
322415
322314
322300
321844
321829
321618
321572
321411
321249
321216
321174
321111
321044
321039
320921
320831
320715
320704
320699
320604
320602
320588
320466
320446
320430
320293
320273
320228
320124
320097
320085
320041
319903
319828
319715
319478
319435
319431
319278
319245
319103
318857
318829
318746
318733
318722
318599
318524
318412
318313
318296
318016
317952
317948
317930
317913
317815
317390
317264
317261
317229
317204
317087
316969
316878
316550
316358
316357
316189
316070
316018
315899
315787
315713
315686
315683
315588
315563
315357
315275
315266
315259
314640
314580
314513
314393
314311
314247
314082
313990
313944
313901
313857
313588
313578
313567
313358
313120
312966
312947
312876
312714
312619
312228
312126
312089
311932
311821
311708
311621
311585
311437
311401
311301
311243
311101
310813
310533
310465
310365
309861
309814
309744
309598
309584
309233
309151
309018
308989
308981
308954
308500
308137
307892
307831
307716
307668
307568
307095
307001
306924
306745
306655
306536
306409
306406
306219
306138
306001
305917
305851
305708
305664
305626
305529
305519
305492
305454
305431
305083
304988
304962
304954
304871
304787
304716
304488
304425
304398
304234
304155
303967
303949
303944
303878
303785
303499
303487
303422
303163
303013
302947
302871
302782
302771
302738
302190
302183
302079
301927
301899
301876
301828
301806
301765
301755
301713
301689
301580
301577
301499
301425
301030
300869
300849
300747
300662
300599
300552
300465
300399
300305
300275
300243
300182
300157
300060
300042
299913
299810
299669
299635
299610
299530
299485
299418
299294
299265
299153
299074
299066
298994
298920
298837
298813
298761
298343
298249
298137
298094
298046
298031
297975
297937
297917
297546
297342
297320
296968
296889
296771
296721
296682
296681
296484
296234
296232
295946
295930
295738
295722
295633
295616
295507
295195
295169
295108
295012
294990
294864
294663
294529
294330
294312
294301
294162
293963
293963
293917
293873
293743
293659
293577
293519
293431
293335
293329
293250
293170
293140
293128
292954
292813
292779
292605
292483
292456
292397
292286
292225
292065
291952
291885
291803
291622
291553
291441
291273
291093
290788
290723
290691
290574
290371
290294
290249
290142
290043
289690
289646
289622
289401
289391
289251
289193
288649
288623
288421
288359
288326
288238
288222
288139
287974
287949
287932
287872
287872
287839
287826
287707
287273
286826
286697
286692
286677
286635
286465
286452
286265
286245
286220
286121
286111
286101
285956
285774
285737
285589
285518
285463
285398
285382
285345
285343
285097
284913
284890
284889
284700
284640
284632
284342
284328
284042
283963
283961
283707
283682
283501
283434
283425
282818
282795
282793
282770
282589
282550
282413
282397
282384
282350
282076
282029
282010
281981
281945
281707
281672
281601
281595
281436
281424
281390
281293
281207
281151
281081
280864
280589
280409
280348
280253
280214
280151
280119
280065
280026
280016
279598
279568
279325
279314
279160
279129
279071
279030
278790
278775
278489
278359
278307
278280
278264
278186
278073
278060
278037
277967
277894
277718
277619
277583
277565
277443
277427
277353
277342
277186
277029
276909
276860
276528
276527
276427
276390
276356
276252
275959
275787
275356
275256
275130
274909
274870
274846
274801
274779
274774
274769
274692
274655
274609
274284
274104
274091
274081
273989
273922
273904
273867
273774
273773
273662
273621
273474
272971
272779
272770
272731
272673
272665
272562
272485
272474
272157
271961
271933
271903
271892
271824
271788
271732
271730
271534
271499
271455
271299
271258
271242
270993
270991
270890
270880
270769
270691
270640
270611
270465
270361
270334
270146
270143
270053
270043
269972
269919
269724
269697
269506
269327
269195
269155
269029
268968
268936
268803
268800
268768
268749
268637
268454
268077
267991
267771
267759
267738
267648
267602
267568
267434
267390
267353
267093
266843
266710
266650
266631
266587
266580
266458
266298
266282
266242
266200
266199
266198
266162
266099
265801
265742
265709
265668
265571
265550
265537
265523
265264
265239
265222
265160
265101
265076
265074
264850
264664
264566
264543
264531
264427
264364
264361
264271
264263
264149
264059
263581
263563
263495
263447
263413
263317
263243
262928
262895
262797
262762
262641
262586
262539
262386
262142
262004
262000
261961
261945
261606
261552
261477
261361
261350
261204
261169
261098
261096
261037
260904
260855
260601
260537
260498
260438
260342
260256
260204
260198
259988
259984
259837
259809
259787
259565
259480
259402
259401
259354
259316
259168
259104
258799
258710
258345
258315
258144
258073
258023
258021
257970
257942
257865
257841
257808
257781
257756
257594
257198
257137
256937
256902
256744
256730
256481
256270
256124
255827
255715
255672
255528
255401
255338
255214
255089
254994
254766
254390
254283
254279
254122
254119
254090
253968
253868
253857
253729
253722
253459
253324
253199
253137
253133
253010
252995
252989
252806
252784
252752
252661
252518
252405
252381
252338
252159
251963
251887
251760
251477
251444
251292
251190
251165
251059
250924
250906
250871
250835
250719
250585
250481
250379
250355
250317
250296
250228
250161
249939
249817
249751
249656
249639
249619
249506
249503
249502
249453
249449
249408
249327
249313
249202
249112
248976
248793
248444
248353
248212
248144
248129
248092
248001
247889
247882
247855
247796
247777
247617
247288
247263
246862
246534
246490
246275
246265
246106
246036
245977
245904
245797
245794
245731
245674
245533
245497
245466
245252
245209
245130
245073
245017
245006
244940
244851
244837
244806
244689
244532
244472
244333
244300
244002
243977
243929
243710
243691
243572
243548
243466
243131
243112
242770
242611
242468
242266
242011
241809
241779
241774
241768
241721
241689
241333
241262
241223
241189
241052
240915
240761
240690
240642
240584
240359
240125
240055
240029
240003
239818
239602
239585
239336
239166
239105
239101
238986
238976
238971
238940
238830
238822
238616
238568
238554
238081
238028
237895
237833
237730
237614
237571
237541
237532
237404
237299
237262
237217
237129
236969
236954
236765
236504
236468
236265
236227
236082
236005
235997
235962
235864
235691
235642
235642
235626
235500
235242
235201
235174
235046
235007
234938
234636
234431
234387
234382
234327
234277
234152
234145
234128
234115
234093
233980
233931
233901
233819
233420
233385
233283
233184
233163
232983
232981
232860
232634
232627
232293
232267
232248
232207
232151
232053
231784
231782
231694
231691
231597
231557
231538
231535
231343
231339
231245
231168
231120
230693
230556
230432
230387
230046
230039
229985
229881
229827
229811
229726
229644
229624
229524
229477
229453
229449
229325
229141
229104
229097
228902
228837
228823
228437
228378
228172
227988
227896
227539
227452
227419
227304
227110
227030
227020
227009
226899
226725
226655
226640
226247
226001
225975
225836
225590
225562
225483
225384
225115
225064
225037
224893
224850
224792
224733
224618
224551
224486
224437
224372
224082
224077
224025
224012
223963
223862
223821
223779
223689
223684
223504
223490
223484
223474
223450
223294
223079
222958
222861
222711
222569
222487
222294
222220
222211
222118
221874
221848
221780
221527
221449
221256
221254
221244
221188
221175
221138
221052
220885
220792
220716
220457
220279
220258
220192
220008
219938
219744
219545
219463
219455
219389
219312
219152
219076
219055
219028
219018
218895
218859
218804
218788
218680
218547
218482
218203
218187
218128
218102
217940
217894
217411
217354
217243
217239
217094
217050
216953
216944
216849
216835
216808
216800
216696
216552
216520
216519
216494
216311
216271
216270
216021
215851
215813
215787
215742
215678
215634
215459
215456
215297
215190
215175
215145
214827
214709
214615
214383
214311
214124
214103
213942
213525
213332
213322
213300
213001
212912
212849
212727
212624
212556
212307
212094
212075
212010
211931
211762
211737
211600
211463
211249
211249
211123
211117
210680
210646
210628
210548
210527
210474
210462
210224
210161
209941
209768
209372
209334
209301
208998
208929
208838
208790
208765
208647
208591
208497
208462
208327
208315
208264
208259
208190
208031
207954
207820
207740
207673
207448
207225
207047
206885
206867
206837
206829
206816
206778
206757
206710
206650
206547
206425
206404
206400
206390
206359
206305
206297
206078
205786
205785
205782
205625
205621
205532
205467
205432
205419
205252
205224
204948
204789
204769
204500
204431
204392
204216
204210
203756
203730
203581
203413
203328
203111
202875
202820
202735
202717
202527
202514
202502
202494
202460
202432
202266
202089
201971
201919
201894
201842
201549
201457
201229
201096
201085
200999
200952
200892
200797
200505
200329
200178
200013
199827
199768
199755
199719
199687
199613
199491
199423
199358
199351
199342
199331
199219
199112
199098
199070
199022
198862
198810
198757
198701
198360
198282
198182
198162
197755
197705
197574
197475
197398
197274
197161
197052
197008
196909
196688
196590
196552
196340
196246
196146
196101
196057
195939
195873
195837
195763
195710
195679
195628
195482
195427
195381
195151
195120
194940
194859
194790
194785
194701
194698
194405
194317
194308
194130
193905
193871
193789
193784
193736
193692
193649
193463
193452
193415
193298
193151
192959
192509
192395
192327
192178
192138
192066
191626
191453
191364
191336
191333
191236
191181
191169
191161
191153
191091
191087
190702
190657
190580
190460
190384
190367
190206
190192
190142
189976
189868
189720
189693
189561
189533
189333
189189
189038
189027
188924
188878
188617
188495
188403
188277
188234
188166
188135
188086
188007
187884
187780
187312
187306
187242
187176
186662
186580
186381
186326
186256
186155
186086
185970
185657
185473
185340
185163
185059
185026
184560
184103
184072
184015
183979
183942
183642
183605
183476
183455
183284
183160
183105
183033
182969
182941
182919
182861
182858
182563
182507
182498
182482
182370
182319
182164
181832
181762
181627
181617
181537
181276
181276
181233
181211
181196
181184
180949
180898
180746
180691
180635
180557
180374
180295
180166
180089
180053
179879
179848
179840
179835
179407
179362
179133
179023
178992
178986
178972
178864
178807
178758
178737
178327
178325
178233
178193
178151
178117
177813
177773
177761
177750
177712
177686
177603
177400
177350
177278
177203
177153
177050
177015
176980
176908
176815
176798
176787
176657
176381
176316
176308
176244
176190
176079
176065
176042
175970
175861
175581
175438
175311
175087
175019
174952
174813
174771
174749
174611
174599
174566
174489
174260
174130
174109
173701
173647
173642
173408
173380
173374
173189
173171
173022
173012
172909
172865
172708
172706
172681
172501
172454
172197
172146
172009
171919
171833
171733
171724
171684
171648
171645
171612
171598
171397
171375
171289
171229
171206
170786
170785
170596
170582
170543
170542
170508
170434
170433
170317
170262
170227
170221
170059
169954
169760
169218
168696
168495
168451
168184
168167
168029
167921
167779
167435
167235
167123
167102
167100
166983
166956
166849
166555
166500
166307
166251
166229
165927
165617
165575
165540
165432
165064
164851
164685
164602
163840
163381
163352
163265
163219
163182
163104
162864
162855
162825
162816
162736
162709
162245
162240
162213
162131
161781
161775
161671
161497
161385
161282
161271
161253
161040
161037
161033
160882
160758
160739
160587
160483
160242
160157
160144
160068
160039
160037
159712
159678
159579
159509
159451
159286
159162
159050
158965
158947
158879
158862
158778
158714
158614
158562
158526
158472
158456
158412
158307
158234
158220
158219
158189
157891
157659
157653
157645
157590
157493
157479
157281
156739
156668
156546
156454
156453
156449
156240
156217
156108
156004
155953
155847
155811
155692
155689
155575
155572
155544
155354
155350
155239
155183
155166
155147
155108
155058
155035
154818
154777
154750
154665
154657
154540
154505
154468
154331
154309
154240
154112
153923
153886
153829
153814
153810
153794
153740
153679
153676
153531
153496
153428
152792
152738
152581
152480
152411
152347
152286
152121
152009
151857
151833
151788
151672
151648
151504
151464
151307
151296
151265
151168
150946
150875
150854
150801
150740
150496
150382
150368
150355
150227
150088
150037
150031
150004
149761
149663
149645
149614
149570
149495
149433
149338
149310
149191
149113
149048
149020
148876
148792
148717
148664
148654
148603
148587
148546
148496
148439
148384
148204
148156
148037
147917
147852
147736
147733
147707
147540
147538
147420
147411
147288
147212
147167
146893
146891
146867
146805
146643
146623
146042
145903
145836
145750
145480
145477
145383
145234
145230
145193
145085
145050
144893
144870
144664
144631
144623
144551
144528
144487
144447
144262
144235
143963
143941
143846
143837
143823
143744
143619
143379
143176
143059
142976
142836
142807
142779
142704
142590
142480
142419
142286
142096
142094
142054
141931
141918
141820
141742
141569
141525
141516
141428
141409
141394
141378
141365
141331
141290
141244
141173
141153
141148
141053
141016
140914
140772
140490
140405
140361
140290
140243
140170
140120
140088
140006
139659
139581
139548
139505
139382
139306
139298
139090
138950
138850
138760
138605
138596
138388
138258
138235
138110
137914
137879
137854
137696
137688
137658
137315
136814
136636
136537
136516
136503
136228
136214
136209
136121
135960
135631
135579
135313
135141
134936
134681
134657
134519
134458
134402
134186
134135
134036
133962
133865
133524
133509
133202
133173
133093
133091
133023
133016
133010
132907
132887
132877
132875
132780
132682
132641
132591
132498
132347
132036
131894
131815
131802
131789
131768
131522
131493
131426
131252
130775
130769
130762
130652
130618
130592
130492
130488
130430
130241
130229
130146
130130
129865
129806
129323
129258
129254
129116
129001
128989
128878
128851
128725
128616
128543
128374
128239
128131
128009
127978
127970
127943
127648
127534
127335
127335
127065
127020
126968
126873
126836
126666
126531
126043
125992
125777
125725
125388
125373
125341
125301
125230
125128
124993
124978
124655
124645
124549
124486
124464
124400
124323
124079
123943
123784
123637
123476
123409
123389
123380
123360
123318
123257
122917
122759
122523
122302
122162
122106
121742
121615
121494
121454
121427
121215
121197
121097
121030
120956
120942
120845
120605
120402
120245
120221
120041
119894
119869
119832
119756
119657
119285
119218
119185
119180
119128
119108
119068
118872
118733
118700
118572
118517
118426
118360
118242
118226
118195
118177
118174
118162
118028
117971
117837
117814
117693
117662
117518
117518
117486
117455
117111
117054
117008
116863
116794
116773
116759
116727
116649
116470
116462
116372
116315
116278
116262
116244
116197
116195
116182
116110
116068
116063
115808
115795
115635
115535
115482
115439
115213
115191
114894
114862
114641
114552
114543
114437
114398
114222
114197
114189
113644
113628
113498
113401
113392
113335
112955
112915
112840
112830
112704
112624
112613
112473
112409
112405
112402
112325
112219
112028
111986
111938
111820
111812
111787
111746
111494
111328
111248
111114
111007
110805
110760
110707
110700
110649
110569
110553
110530
110508
110394
110326
110268
110157
109949
109933
109756
109512
109443
109414
109377
108802
108789
108739
108632
108572
108493
108481
108420
108283
108110
107865
107799
107725
107424
107267
106988
106830
106625
106615
106479
106415
106317
106139
105933
105785
105690
105599
105162
105132
105128
105106
105095
104941
104918
104804
104694
104201
104152
104150
104111
104084
104043
103871
103610
103360
103235
103193
103145
103062
102794
102740
102722
102694
102693
102063
102028
101954
101706
101698
101679
101499
101309
101178
101162
101013
100984
100775
100384
100337
100255
100125
100029
99963
99798
99608
99565
99464
99460
99427
99253
99168
99148
99001
98953
98661
98600
98526
98413
98393
98364
98236
98170
98109
98095
98011
97896
97827
97436
97356
97286
97278
96859
96754
96699
96699
96576
96256
96077
96019
95965
95902
95787
95683
95557
95526
95441
95201
94919
94854
94785
94634
94632
94591
94553
94418
94120
93875
93802
93710
93623
93447
93416
93310
93297
93244
93173
93145
93102
92978
92848
92816
92807
92650
92155
92141
92106
91803
91759
91635
91586
91328
91263
91035
90958
90913
90288
90129
90050
89757
89754
89663
89627
89429
89336
89168
88838
88837
88809
88554
88519
88507
88445
88079
88049
87872
87821
87793
87782
87724
87710
87691
87348
86996
86947
86840
86808
86686
86610
86375
86192
86135
86027
85951
85868
85841
85761
85664
85621
85574
85565
85358
85295
85143
85140
84932
84872
84834
84719
84167
84093
84074
83887
83781
83715
83709
83673
83606
83565
83546
83513
83406
83360
82855
82790
82684
82596
82397
82372
82222
82198
82185
82178
82129
82026
81952
81916
81881
81863
81707
81517
81436
81403
81101
81044
81024
80984
80936
80915
80803
80729
80481
80454
80345
80323
80194
79946
79912
79899
79711
79520
79503
79377
79332
79176
79144
78809
78599
78411
78276
78252
78251
78177
78108
78063
77830
77815
77550
77525
77432
77370
77248
76926
76907
76780
76775
76686
76656
76598
76598
76530
76458
76418
76313
76279
76194
76019
75843
75838
75827
75819
75514
75327
75292
75267
75078
75029
75028
74997
74926
74830
74613
74354
74252
74142
74124
74009
73857
73775
73709
73670
73644
73597
73294
73249
73206
73091
73038
73035
72954
72893
72850
72663
72648
72575
72564
72418
72318
72304
72238
72204
72056
72017
71993
71991
71984
71796
71752
71725
71684
71610
71578
71540
71522
71427
71122
71072
70942
70916
70883
70879
70759
70737
70729
70574
70516
70496
70280
70201
70134
70122
70001
69944
69886
69818
69803
69663
69663
69452
69116
68894
68768
68730
68401
68262
68261
68256
68252
68203
68174
68136
68127
68021
67679
67654
67631
67613
67592
67443
67345
67141
66923
66922
66908
66785
66740
66736
66663
66613
66578
66573
66444
66435
66428
66287
66112
66024
65957
65939
65455
65330
65262
65133
65083
65051
65028
64955
64878
64806
64715
64512
64423
64328
64111
63945
63940
63842
63696
63641
63569
63543
63453
63416
63211
63085
63048
63038
62980
62906
62780
62750
62748
62693
62446
62371
62344
62341
61811
61720
61618
61357
61279
61220
61195
61159
61113
60750
60590
60543
60433
60418
60130
60043
59852
59842
59561
59559
59513
59457
59406
59349
59189
59152
59095
59059
58980
58962
58830
58659
58609
58597
58433
58178
58129
57986
57957
57409
57382
57309
57212
57151
57125
57052
56951
56950
56721
56611
56501
56139
56132
56106
56072
55896
55874
55868
55819
55682
55498
55355
55292
55160
55130
55097
55026
55005
54921
54760
54730
54387
54292
54123
53998
53760
53716
53710
53559
53548
53387
53216
53158
52974
52790
52435
52422
52258
52249
52235
52103
51959
51955
51769
51525
51504
51316
51254
51090
51042
51016
50995
50989
50981
50910
50900
50823
50708
50706
50649
50356
50311
50263
50192
50150
50047
49640
49304
49291
49232
49147
48718
48685
48639
48508
48503
48161
48152
48119
48057
47939
47823
47792
47679
47578
47535
47520
47384
47362
47325
47279
47220
47048
47021
46853
46170
46163
46147
46046
45832
45454
45437
45431
45326
45239
45105
45078
44821
44793
44614
44590
44558
44519
44445
44092
43871
43854
43748
43579
43573
43531
43405
43368
43114
43072
42938
42548
42444
42431
42412
42346
42340
42253
42180
42121
42101
41907
41785
41765
41730
41725
41681
41655
41587
41575
41478
41456
41276
41157
41141
41034
40994
40937
40877
40648
40511
40439
40389
40268
40253
40057
39888
39678
39653
39561
39541
39505
39482
39373
39204
39188
39074
38972
38963
38696
38603
38459
38429
38398
38360
38276
37916
37859
37561
37543
37472
37472
37467
37336
37296
37271
37073
37015
37008
36992
36969
36884
36858
36858
36593
36342
36272
36266
36215
36209
36121
36015
35897
35845
35704
35701
35629
35369
35354
35321
35138
35130
35115
35029
34772
34771
34732
34697
34626
34565
34357
34351
33564
33262
33256
33134
33074
32903
32706
32686
32653
32583
32538
32504
32398
32274
32261
32255
32122
32039
31978
31829
31773
31739
31727
31722
31676
31658
31657
31647
31572
31566
31518
31455
31406
31336
31131
31098
31000
30984
30878
30871
30788
30676
30631
30618
30616
30510
30495
30393
30358
30338
30271
30135
30027
29882
29799
29796
29751
29740
29724
29640
29254
29187
29031
28610
28330
28217
28164
28095
28088
28060
27890
27765
27567
27081
26974
26963
26910
26682
26317
26161
26000
25989
25970
25961
25959
25859
25626
25590
25564
25478
25327
25226
25143
25069
24830
24790
24628
24593
24592
24565
24543
24532
24474
24465
24446
24410
24379
24330
24168
24094
23925
23920
23919
23751
23655
22967
22957
22903
22490
22443
22295
22251
22059
22039
22002
21889
21857
21810
21803
21657
21623
21511
21418
21314
21078
20996
20834
20713
20607
20546
20337
20310
20307
20168
20116
19986
19894
19804
19698
19476
19444
19185
19096
19093
18881
18814
18676
18664
18623
18565
18528
18441
18307
18060
17786
17779
17777
17508
17488
17430
17255
16895
16807
16725
16683
16490
16395
15885
15545
15364
15256
15241
15209
15173
15152
15027
14989
14976
14923
14739
14579
14281
14178
14163
14154
14095
13937
13544
13355
13182
13055
12643
12470
12316
12275
12266
12247
12237
12223
12173
12147
12118
11643
11618
11444
11391
11324
11315
11240
11132
11055
10738
10734
10675
10387
10298
10182
9655
9554
9292
9256
9112
9051
9020
8549
8240
8201
8142
8080
8059
7917
7898
7847
7754
7207
7093
6919
6842
6783
6443
6287
6266
6049
5923
5639
5618
5510
5176
5019
4983
4937
4770
4758
4618
4594
4576
4473
4368
4272
4261
4253
4233
4226
4109
4011
3853
3304
3256
2824
2815
2784
2702
2407
2407
2278
2175
2146
2041
1820
1755
1519
1230
1130
1046
1034
951
936
881
842
761
689
638
575
475
311
266
3