652
812
981
1875
2019
2322
2929
3359
3393
4470
4902
5004
5283
5458
5473
6027
6450
7181
8092
8858
8924
9613
9845
10080
10317
10351
10364
11631
11986
12365
14962
15182
16759
16833
17665
17680
18744
19082
20674
21068
21315
21414
21705
21814
22032
22326
22498
22897
23213
23540
23998
24094
24662
24752
25302
25809
25886
26584
26710
27339
27528
27620
29001
29199
31175
31847
31905
32462
32496
32599
32830
33354
33701
33720
33866
34008
34994
35007
35731
36469
36858
37192
37260
38676
38872
39013
39103
39346
39810
39877
40322
40558
40684
41597
41660
42200
42265
43010
43098
43210
43396
44212
44375
45499
45545
46657
46936
47156
47417
47697
47904
48255
48556
48711
49440
49966
50700
51180
51530
51546
51801
51803
52707
54150
54264
54519
54716
54925
54989
55165
56098
56467
56687
56864
57288
57635
57639
57766
57783
57943
58120
58366
58480
58968
60089
60336
60582
60600
60796
61447
61490
61491
61506
61922
62716
63068
63216
63823
64104
64224
66265
66298
66299
66458
67470
68060
68173
68424
68837
69099
70375
70869
71540
71940
72281
72406
72648
72809
72949
73011
73146
73597
73877
74288
74634
75108
77004
77391
77521
77690
79747
80370
80771
80815
81183
81190
81614
83301
83710
83817
83854
84326
84566
85298
85823
86395
86801
88000
88074
88145
88234
88849
88857
89229
89422
89704
92078
92769
92824
92976
93278
93710
94772
95546
96358
97058
97085
98382
98611
99345
99742
99899
99965
100332
101583
102628
103287
103899
104127
104819
105273
105295
105414
105998
106754
106948
107188
107980
108321
108888
108941
109361
110104
110721
112674
113139
113731
113954
114310
114674
114746
115072
115384
116293
116456
116832
118247
119227
119549
119605
120017
120388
121363
122417
122478
122540
122848
123140
123651
123977
124919
125625
126098
126520
127197
127274
127562
127604
127797
128440
129441
129493
130575
131463
131778
132053
133927
133978
134080
134150
134640
135548
135595
136883
137282
137317
137491
138586
138725
139721
140150
140561
140825
141053
141096
141606
142100
142253
142504
143180
143331
144278
144463
144799
145896
146593
146797
147286
148063
148178
148883
150434
150995
151426
152803
152874
153600
153770
154157
154284
154834
155703
156072
156114
156145
157053
157140
158067
158215
158847
159100
159313
160634
160945
162072
162118
162431
163195
163929
165776
166176
167234
167566
168209
169042
169442
169977
170109
171134
171174
172395
172452
173933
174052
174561
174669
175147
175256
176165
176456
176603
176775
177405
177480
178454
179155
179251
180496
181311
182716
183323
183645
184015
184275
184466
185111
185824
186168
186380
187188
187496
188409
188615
189339
189483
190637
191012
191483
192599
192708
193604
193688
193853
193998
195817
196099
196642
196704
197164
198992
199839
200367
200805
201019
201930
202449
202915
203561
203906
203993
205694
205745
206159
206981
207860
208048
208485
208851
209119
209611
210885
211432
211645
213121
213200
214660
215213
215270
216372
216386
216921
217362
218518
218612
218835
218934
219278
219314
219772
219955
220404
220433
220623
220717
220845
221269
221462
221846
222247
222872
222914
223543
223574
224589
225493
226419
227710
227898
228228
229181
229348
229948
230048
230544
231074
231413
233589
233689
234085
234345
234642
235215
236418
236729
237059
237623
238358
238492
238719
239118
239536
241475
241641
242510
242798
242870
243592
243768
243913
244411
245132
246596
247980
247985
248659
248699
249014
249691
251659
252912
254015
254133
255052
255631
256381
257289
258347
259203
259471
259668
259848
260155
260422
261126
261691
261815
262148
263229
263344
263365
263436
264410
264739
264967
266244
266570
266635
267573
269159
269433
269497
269600
269774
269990
270212
270410
270701
270823
271169
271710
272368
272438
273145
273252
273359
274579
274643
274785
275391
275949
276022
276725
278280
278680
278852
278946
280132
281588
281625
281630
281728
281886
281948
282058
282249
283029
283107
283636
283798
284563
284573
284731
284947
285364
285521
285829
286051
287940
288355
288569
288935
289524
289592
289805
290235
291096
292230
293494
294027
294673
294861
295684
296108
296206
296364
296378
297214
297307
298008
298304
298712
298865
299060
299184
299405
300237
300861
301582
301803
301856
301904
302069
302073
302473
302789
305204
305666
306853
307294
307479
308082
309691
311007
311588
312389
312723
313403
313563
313661
313938
314053
314848
314959
315223
316765
316842
318972
319145
321003
321538
321841
322485
322667
322786
322991
325150
325297
325469
325584
325979
327240
327422
327997
328770
328891
328954
329527
331128
331564
332778
333012
333277
334379
335495
335630
336078
337077
337832
337930
339414
339822
339871
340300
341291
341429
342612
342699
343606
344615
344769
344872
344916
346242
346510
346657
347573
347923
348260
348774
348804
349082
349529
349652
349822
349984
350012
350316
350387
350611
350934
351302
351577
351625
352242
352469
352717
352969
353004
353067
353830
354157
354400
354722
355226
355464
355477
355680
355939
356077
357842
357993
358568
358906
359551
361535
361834
361894
363061
363336
363630
363916
364518
364892
365677
365823
366213
366912
367692
368135
368790
369148
369347
369445
370569
371018
371084
371105
371119
371209
371276
371487
371917
373171
373663
374126
375097
375115
375264
375446
376327
376414
377250
377264
377934
378299
378877
379837
380128
380618
381406
381553
381554
381962
382318
382374
383412
384022
384886
385205
385459
385927
385981
386028
386890
387511
387581
388093
389455
389679
390353
390387
390534
391859
391968
392077
394895
395244
396892
398218
398409
398770
401586
402084
402107
402210
403333
404070
404275
405002
405612
405777
405840
405857
406499
407381
408259
408269
408706
408720
409164
409181
409283
409725
409729
409768
411357
411590
412344
414048
414247
414746
415415
415552
416177
416473
417174
417967
418084
418205
419186
419693
420106
420506
420698
421691
421768
421858
422451
423366
423771
424685
424907
425907
427149
427484
427695
428277
428293
428575
428710
428713
429230
429515
430093
430554
430563
430625
430659
430965
431224
431631
431643
432764
432822
433412
433606
433947
434451
434807
434892
434971
435274
435299
435694
435902
435998
437099
437384
437466
437979
438503
438508
438857
439734
440573
440635
441175
441920
442461
442644
442714
443033
444889
445539
445690
446894
446952
447420
448217
448341
448347
448737
449454
450539
451412
451994
453302
454717
456159
456656
458839
459644
460376
460489
460582
460613
461165
462097
462456
463225
463274
463278
464661
465088
465154
465726
465745
466667
466725
467610
467705
467914
468309
468404
468536
469512
470056
470346
471272
471319
471541
471618
472041
472223
472391
472842
472861
474078
474800
475368
476939
477115
477354
477536
477872
478524
478629
479223
479488
480171
480403
480474
480653
482180
482787
482888
484121
484126
484181
484204
484316
484677
484971
486995
487309
487529
488295
489548
489969
490266
490474
490549
490572
490991
491196
491306
491324
491971
491996
492231
492685
492777
492842
493106
493445
493700
493731
493821
494111
495609
496198
497225
498194
498234
498494
498561
499086
499844
500003
500100
500191
500541
502721
503310
503321
504073
504082
504146
504408
504645
505781
506095
506767
506904
507037
508022
508090
508203
508245
508518
509442
511094
511672
512175
513677
513685
514718
515407
515748
516770
517071
517499
518193
518756
518807
519062
520620
522362
523933
524121
524272
524353
524376
524712
524766
524837
525493
525775
526513
526896
527425
529183
529578
529981
530860
531949
532384
533481
533533
533754
534254
535426
535638
536143
536274
537171
537841
537944
539074
539460
540362
540395
540445
540617
541523
542058
543385
543665
544334
545214
545499
546733
547846
548841
549063
549399
549766
549779
549826
549877
549992
550365
551087
552009
552495
552820
552917
553143
554615
554789
555832
556673
557193
557359
557417
557542
557927
558097
558407
558986
559345
562260
563413
563738
564767
565105
565677
566182
567017
567109
567462
567539
569625
571212
571508
572404
572622
572756
573112
573783
574332
574620
574791
574987
575479
576616
577294
577745
579757
580030
580815
581041
581753
582307
583173
583283
583518
583527
584163
584637
584707
585576
585648
585719
585891
587287
588339
588581
588834
590147
590303
591060
591122
591398
591584
591655
592601
593207
593428
594397
595140
595557
595842
596368
596383
597209
597913
598896
598947
599365
600367
600498
600938
601119
602913
603156
603969
604455
604521
604575
604872
605236
605872
605904
606222
606472
606680
606697
607180
607329
608475
609196
609283
609416
609658
610588
611871
611989
612354
612586
613054
613746
613749
614325
614598
615421
615800
615851
616333
616722
616860
617718
618373
618455
618566
618651
618757
620429
620701
621293
621334
621407
622467
623321
625136
625228
625621
626164
626598
627479
628115
628846
628974
629184
629254
629591
629847
630935
632827
636177
636752
637248
637392
637685
638354
638441
638871
639416
640012
640012
640183
640454
640494
640920
640939
641594
642715
642718
642994
643323
643903
644249
644263
646054
646671
646707
647052
647060
647791
647815
649003
649873
649884
649952
650204
650313
650387
650771
651171
651264
651304
651525
651739
651967
652012
653192
654321
654740
655470
656881
656959
657490
657952
658321
658395
659179
659592
660261
660935
661125
661612
661639
661793
662030
662881
663339
663382
663689
664056
664186
664264
664565
665119
665472
666102
666249
667783
669228
669821
670789
670997
672277
672456
672871
673033
673557
674470
675535
675745
677013
677261
678605
678788
679387
679899
680123
680137
680595
681138
682222
682459
682757
683012
683215
683398
684309
684368
684965
684982
685726
687144
687539
687556
689014
689643
691103
692333
692822
693349
694415
694694
695063
695228
696234
697742
698292
698297
700070
700415
700826
701452
701538
702802
703306
703795
704027
704098
704330
704576
704606
704980
705381
706111
706428
706728
707305
708176
708253
708465
708513
708906
709367
711371
712472
712550
712807
713098
713396
713801
714069
714539
714549
714630
715625
716596
716887
717144
717232
717810
718550
719078
720102
720340
721356
721611
721975
722116
722316
722798
722822
722992
723718
724299
724340
724350
724641
725210
725583
725798
726103
726248
726506
726695
726906
727156
727226
727960
728393
728413
729870
730968
731092
731511
734699
735879
735989
737849
737997
738354
738567
739244
739478
740085
741323
742859
743251
743316
743604
744072
745273
745488
746063
749028
749262
749307
750460
750516
750733
751566
751950
752566
754277
754890
754937
755310
755435
756188
756254
756265
756423
757098
758023
759606
760786
761061
761311
762841
763476
763830
764080
764818
764832
765573
766088
766203
766472
766505
766630
766776
767017
768628
769444
769578
769919
770184
770303
771804
772145
773358
773478
773527
775013
775556
775798
778576
778593
778783
780057
780453
780673
780705
781084
782031
782161
782392
782719
783079
783349
783565
783618
785131
785987
786696
786761
787033
787358
788775
789169
789344
789579
790215
790386
790824
791216
791310
791410
792744
793488
793777
794240
794607
795420
795876
797986
798378
798428
799032
799593
799610
799616
800863
800919
802091
802428
802578
802714
805765
805844
806133
806695
807390
808095
809064
810180
810493
810887
811184
811579
812528
812696
813047
813337
813724
814779
814831
814914
816055
816809
819815
820160
820741
821728
821733
822414
822542
822613
823082
825486
825534
825736
825924
826043
826129
827812
828458
828984
829138
829708
829717
829740
830240
831094
832196
832392
832858
832910
833173
833460
833893
834185
834392
834883
835070
835176
835241
835451
835693
835786
836438
836630
836780
836982
838936
839059
839839
840553
840823
841347
842768
843333
843692
845047
845203
845358
845437
845597
846038
847008
848032
848752
848933
849392
850131
850368
851383
851628
851658
851697
853258
853558
853648
853654
854165
854954
856168
856263
856384
856414
856908
856990
857042
857129
857198
858205
859210
859214
859312
860199
860263
860642
860862
861304
862095
862790
863587
864070
864437
864806
865455
865784
866245
866402
867577
868114
868592
869071
869368
869549
870285
870719
870770
870771
871020
872108
872588
873367
873452
874564
874628
874719
874831
875845
876016
876250
877054
877546
878100
878663
881199
881950
882350
882832
885404
885672
885672
885765
887132
887508
888440
889177
889462
889628
890195
890921
890936
891071
891273
891311
891433
892424
892909
892913
893227
893675
893758
894534
894710
894890
895221
895341
895499
895626
896092
896222
896507
896757
897043
897214
897876
899314
899472
899669
900246
900279
900446
900786
901216
903521
904118
904196
905105
906254
906511
906602
907303
908523
909012
910204
910281
910472
912287
912531
914085
914187
914285
914946
915040
915467
916077
916287
916889
917072
917719
919035
919100
919150
919193
919606
919622
920763
921690
922195
923412
925015
925107
925240
926542
926625
926851
927355
928201
928503
928536
928615
929101
929788
929793
930147
930658
930982
931622
931639
932047
932584
934303
934403
934671
935075
935352
936612
936889
937456
937877
938379
938454
938721
939119
939467
940040
940701
940818
940981
941247
941388
941770
942114
942618
943171
943463
943570
943993
945787
946193
946398
947076
947267
947487
949241
949564
950326
952150
952386
952724
953459
954013
954235
954238
954818
955021
955419
956492
957091
957223
957600
958179
958230
958447
959497
960219
960230
960824
961560
962295
963228
963285
963308
963858
964130
965275
966153
966275
966759
968002
968529
968834
968894
969208
969789
969848
970950
971496
972160
973286
973492
974218
974283
974382
974864
975025
975340
977066
977923
979102
979998
980268
980964
981469
981544
981654
982203
983187
984151
984837
984860
985760
986589
988125
988631
988714
989244
992151
993061
993435
993926
994297
994555
994616
994736
995232
995796
995920
996838
997724
997962
998711
998738
998749
999133
999294
999801