999801
999294
999133
998749
998738
998711
997962
997724
996838
995920
995796
995232
994736
994616
994555
994297
993926
993435
993061
992151
989244
988714
988631
988125
986589
985760
984860
984837
984151
983187
982203
981654
981544
981469
980964
980268
979998
979102
977923
977066
975340
975025
974864
974382
974283
974218
973492
973286
972160
971496
970950
969848
969789
969208
968894
968834
968529
968002
966759
966275
966153
965275
964130
963858
963308
963285
963228
962295
961560
960824
960230
960219
959497
958447
958230
958179
957600
957223
957091
956492
955419
955021
954818
954238
954235
954013
953459
952724
952386
952150
950326
949564
949241
947487
947267
947076
946398
946193
945787
943993
943570
943463
943171
942618
942114
941770
941388
941247
940981
940818
940701
940040
939467
939119
938721
938454
938379
937877
937456
936889
936612
935352
935075
934671
934403
934303
932584
932047
931639
931622
930982
930658
930147
929793
929788
929101
928615
928536
928503
928201
927355
926851
926625
926542
925240
925107
925015
923412
922195
921690
920763
919622
919606
919193
919150
919100
919035
917719
917072
916889
916287
916077
915467
915040
914946
914285
914187
914085
912531
912287
910472
910281
910204
909012
908523
907303
906602
906511
906254
905105
904196
904118
903521
901216
900786
900446
900279
900246
899669
899472
899314
897876
897214
897043
896757
896507
896222
896092
895626
895499
895341
895221
894890
894710
894534
893758
893675
893227
892913
892909
892424
891433
891311
891273
891071
890936
890921
890195
889628
889462
889177
888440
887508
887132
885765
885672
885672
885404
882832
882350
881950
881199
878663
878100
877546
877054
876250
876016
875845
874831
874719
874628
874564
873452
873367
872588
872108
871020
870771
870770
870719
870285
869549
869368
869071
868592
868114
867577
866402
866245
865784
865455
864806
864437
864070
863587
862790
862095
861304
860862
860642
860263
860199
859312
859214
859210
858205
857198
857129
857042
856990
856908
856414
856384
856263
856168
854954
854165
853654
853648
853558
853258
851697
851658
851628
851383
850368
850131
849392
848933
848752
848032
847008
846038
845597
845437
845358
845203
845047
843692
843333
842768
841347
840823
840553
839839
839059
838936
836982
836780
836630
836438
835786
835693
835451
835241
835176
835070
834883
834392
834185
833893
833460
833173
832910
832858
832392
832196
831094
830240
829740
829717
829708
829138
828984
828458
827812
826129
826043
825924
825736
825534
825486
823082
822613
822542
822414
821733
821728
820741
820160
819815
816809
816055
814914
814831
814779
813724
813337
813047
812696
812528
811579
811184
810887
810493
810180
809064
808095
807390
806695
806133
805844
805765
802714
802578
802428
802091
800919
800863
799616
799610
799593
799032
798428
798378
797986
795876
795420
794607
794240
793777
793488
792744
791410
791310
791216
790824
790386
790215
789579
789344
789169
788775
787358
787033
786761
786696
785987
785131
783618
783565
783349
783079
782719
782392
782161
782031
781084
780705
780673
780453
780057
778783
778593
778576
775798
775556
775013
773527
773478
773358
772145
771804
770303
770184
769919
769578
769444
768628
767017
766776
766630
766505
766472
766203
766088
765573
764832
764818
764080
763830
763476
762841
761311
761061
760786
759606
758023
757098
756423
756265
756254
756188
755435
755310
754937
754890
754277
752566
751950
751566
750733
750516
750460
749307
749262
749028
746063
745488
745273
744072
743604
743316
743251
742859
741323
740085
739478
739244
738567
738354
737997
737849
735989
735879
734699
731511
731092
730968
729870
728413
728393
727960
727226
727156
726906
726695
726506
726248
726103
725798
725583
725210
724641
724350
724340
724299
723718
722992
722822
722798
722316
722116
721975
721611
721356
720340
720102
719078
718550
717810
717232
717144
716887
716596
715625
714630
714549
714539
714069
713801
713396
713098
712807
712550
712472
711371
709367
708906
708513
708465
708253
708176
707305
706728
706428
706111
705381
704980
704606
704576
704330
704098
704027
703795
703306
702802
701538
701452
700826
700415
700070
698297
698292
697742
696234
695228
695063
694694
694415
693349
692822
692333
691103
689643
689014
687556
687539
687144
685726
684982
684965
684368
684309
683398
683215
683012
682757
682459
682222
681138
680595
680137
680123
679899
679387
678788
678605
677261
677013
675745
675535
674470
673557
673033
672871
672456
672277
670997
670789
669821
669228
667783
666249
666102
665472
665119
664565
664264
664186
664056
663689
663382
663339
662881
662030
661793
661639
661612
661125
660935
660261
659592
659179
658395
658321
657952
657490
656959
656881
655470
654740
654321
653192
652012
651967
651739
651525
651304
651264
651171
650771
650387
650313
650204
649952
649884
649873
649003
647815
647791
647060
647052
646707
646671
646054
644263
644249
643903
643323
642994
642718
642715
641594
640939
640920
640494
640454
640183
640012
640012
639416
638871
638441
638354
637685
637392
637248
636752
636177
632827
630935
629847
629591
629254
629184
628974
628846
628115
627479
626598
626164
625621
625228
625136
623321
622467
621407
621334
621293
620701
620429
618757
618651
618566
618455
618373
617718
616860
616722
616333
615851
615800
615421
614598
614325
613749
613746
613054
612586
612354
611989
611871
610588
609658
609416
609283
609196
608475
607329
607180
606697
606680
606472
606222
605904
605872
605236
604872
604575
604521
604455
603969
603156
602913
601119
600938
600498
600367
599365
598947
598896
597913
597209
596383
596368
595842
595557
595140
594397
593428
593207
592601
591655
591584
591398
591122
591060
590303
590147
588834
588581
588339
587287
585891
585719
585648
585576
584707
584637
584163
583527
583518
583283
583173
582307
581753
581041
580815
580030
579757
577745
577294
576616
575479
574987
574791
574620
574332
573783
573112
572756
572622
572404
571508
571212
569625
567539
567462
567109
567017
566182
565677
565105
564767
563738
563413
562260
559345
558986
558407
558097
557927
557542
557417
557359
557193
556673
555832
554789
554615
553143
552917
552820
552495
552009
551087
550365
549992
549877
549826
549779
549766
549399
549063
548841
547846
546733
545499
545214
544334
543665
543385
542058
541523
540617
540445
540395
540362
539460
539074
537944
537841
537171
536274
536143
535638
535426
534254
533754
533533
533481
532384
531949
530860
529981
529578
529183
527425
526896
526513
525775
525493
524837
524766
524712
524376
524353
524272
524121
523933
522362
520620
519062
518807
518756
518193
517499
517071
516770
515748
515407
514718
513685
513677
512175
511672
511094
509442
508518
508245
508203
508090
508022
507037
506904
506767
506095
505781
504645
504408
504146
504082
504073
503321
503310
502721
500541
500191
500100
500003
499844
499086
498561
498494
498234
498194
497225
496198
495609
494111
493821
493731
493700
493445
493106
492842
492777
492685
492231
491996
491971
491324
491306
491196
490991
490572
490549
490474
490266
489969
489548
488295
487529
487309
486995
484971
484677
484316
484204
484181
484126
484121
482888
482787
482180
480653
480474
480403
480171
479488
479223
478629
478524
477872
477536
477354
477115
476939
475368
474800
474078
472861
472842
472391
472223
472041
471618
471541
471319
471272
470346
470056
469512
468536
468404
468309
467914
467705
467610
466725
466667
465745
465726
465154
465088
464661
463278
463274
463225
462456
462097
461165
460613
460582
460489
460376
459644
458839
456656
456159
454717
453302
451994
451412
450539
449454
448737
448347
448341
448217
447420
446952
446894
445690
445539
444889
443033
442714
442644
442461
441920
441175
440635
440573
439734
438857
438508
438503
437979
437466
437384
437099
435998
435902
435694
435299
435274
434971
434892
434807
434451
433947
433606
433412
432822
432764
431643
431631
431224
430965
430659
430625
430563
430554
430093
429515
429230
428713
428710
428575
428293
428277
427695
427484
427149
425907
424907
424685
423771
423366
422451
421858
421768
421691
420698
420506
420106
419693
419186
418205
418084
417967
417174
416473
416177
415552
415415
414746
414247
414048
412344
411590
411357
409768
409729
409725
409283
409181
409164
408720
408706
408269
408259
407381
406499
405857
405840
405777
405612
405002
404275
404070
403333
402210
402107
402084
401586
398770
398409
398218
396892
395244
394895
392077
391968
391859
390534
390387
390353
389679
389455
388093
387581
387511
386890
386028
385981
385927
385459
385205
384886
384022
383412
382374
382318
381962
381554
381553
381406
380618
380128
379837
378877
378299
377934
377264
377250
376414
376327
375446
375264
375115
375097
374126
373663
373171
371917
371487
371276
371209
371119
371105
371084
371018
370569
369445
369347
369148
368790
368135
367692
366912
366213
365823
365677
364892
364518
363916
363630
363336
363061
361894
361834
361535
359551
358906
358568
357993
357842
356077
355939
355680
355477
355464
355226
354722
354400
354157
353830
353067
353004
352969
352717
352469
352242
351625
351577
351302
350934
350611
350387
350316
350012
349984
349822
349652
349529
349082
348804
348774
348260
347923
347573
346657
346510
346242
344916
344872
344769
344615
343606
342699
342612
341429
341291
340300
339871
339822
339414
337930
337832
337077
336078
335630
335495
334379
333277
333012
332778
331564
331128
329527
328954
328891
328770
327997
327422
327240
325979
325584
325469
325297
325150
322991
322786
322667
322485
321841
321538
321003
319145
318972
316842
316765
315223
314959
314848
314053
313938
313661
313563
313403
312723
312389
311588
311007
309691
308082
307479
307294
306853
305666
305204
302789
302473
302073
302069
301904
301856
301803
301582
300861
300237
299405
299184
299060
298865
298712
298304
298008
297307
297214
296378
296364
296206
296108
295684
294861
294673
294027
293494
292230
291096
290235
289805
289592
289524
288935
288569
288355
287940
286051
285829
285521
285364
284947
284731
284573
284563
283798
283636
283107
283029
282249
282058
281948
281886
281728
281630
281625
281588
280132
278946
278852
278680
278280
276725
276022
275949
275391
274785
274643
274579
273359
273252
273145
272438
272368
271710
271169
270823
270701
270410
270212
269990
269774
269600
269497
269433
269159
267573
266635
266570
266244
264967
264739
264410
263436
263365
263344
263229
262148
261815
261691
261126
260422
260155
259848
259668
259471
259203
258347
257289
256381
255631
255052
254133
254015
252912
251659
249691
249014
248699
248659
247985
247980
246596
245132
244411
243913
243768
243592
242870
242798
242510
241641
241475
239536
239118
238719
238492
238358
237623
237059
236729
236418
235215
234642
234345
234085
233689
233589
231413
231074
230544
230048
229948
229348
229181
228228
227898
227710
226419
225493
224589
223574
223543
222914
222872
222247
221846
221462
221269
220845
220717
220623
220433
220404
219955
219772
219314
219278
218934
218835
218612
218518
217362
216921
216386
216372
215270
215213
214660
213200
213121
211645
211432
210885
209611
209119
208851
208485
208048
207860
206981
206159
205745
205694
203993
203906
203561
202915
202449
201930
201019
200805
200367
199839
198992
197164
196704
196642
196099
195817
193998
193853
193688
193604
192708
192599
191483
191012
190637
189483
189339
188615
188409
187496
187188
186380
186168
185824
185111
184466
184275
184015
183645
183323
182716
181311
180496
179251
179155
178454
177480
177405
176775
176603
176456
176165
175256
175147
174669
174561
174052
173933
172452
172395
171174
171134
170109
169977
169442
169042
168209
167566
167234
166176
165776
163929
163195
162431
162118
162072
160945
160634
159313
159100
158847
158215
158067
157140
157053
156145
156114
156072
155703
154834
154284
154157
153770
153600
152874
152803
151426
150995
150434
148883
148178
148063
147286
146797
146593
145896
144799
144463
144278
143331
143180
142504
142253
142100
141606
141096
141053
140825
140561
140150
139721
138725
138586
137491
137317
137282
136883
135595
135548
134640
134150
134080
133978
133927
132053
131778
131463
130575
129493
129441
128440
127797
127604
127562
127274
127197
126520
126098
125625
124919
123977
123651
123140
122848
122540
122478
122417
121363
120388
120017
119605
119549
119227
118247
116832
116456
116293
115384
115072
114746
114674
114310
113954
113731
113139
112674
110721
110104
109361
108941
108888
108321
107980
107188
106948
106754
105998
105414
105295
105273
104819
104127
103899
103287
102628
101583
100332
99965
99899
99742
99345
98611
98382
97085
97058
96358
95546
94772
93710
93278
92976
92824
92769
92078
89704
89422
89229
88857
88849
88234
88145
88074
88000
86801
86395
85823
85298
84566
84326
83854
83817
83710
83301
81614
81190
81183
80815
80771
80370
79747
77690
77521
77391
77004
75108
74634
74288
73877
73597
73146
73011
72949
72809
72648
72406
72281
71940
71540
70869
70375
69099
68837
68424
68173
68060
67470
66458
66299
66298
66265
64224
64104
63823
63216
63068
62716
61922
61506
61491
61490
61447
60796
60600
60582
60336
60089
58968
58480
58366
58120
57943
57783
57766
57639
57635
57288
56864
56687
56467
56098
55165
54989
54925
54716
54519
54264
54150
52707
51803
51801
51546
51530
51180
50700
49966
49440
48711
48556
48255
47904
47697
47417
47156
46936
46657
45545
45499
44375
44212
43396
43210
43098
43010
42265
42200
41660
41597
40684
40558
40322
39877
39810
39346
39103
39013
38872
38676
37260
37192
36858
36469
35731
35007
34994
34008
33866
33720
33701
33354
32830
32599
32496
32462
31905
31847
31175
29199
29001
27620
27528
27339
26710
26584
25886
25809
25302
24752
24662
24094
23998
23540
23213
22897
22498
22326
22032
21814
21705
21414
21315
21068
20674
19082
18744
17680
17665
16833
16759
15182
14962
12365
11986
11631
10364
10351
10317
10080
9845
9613
8924
8858
8092
7181
6450
6027
5473
5458
5283
5004
4902
4470
3393
3359
2929
2322
2019
1875
981
812
652