152803
197164
962295
120388
663339
43098
836982
222872
325297
988125
728393
650313
601119
361535
639416
5473
79747
264967
81183
156072
832910
793777
60796
322991
640012
620701
502721
437099
401586
366912
201019
298865
517499
131463
490474
294861
778783
766776
211645
626164
282058
39103
193998
289592
140150
85823
144799
563413
313403
482180
21068
281625
927355
358568
127604
567539
932047
154284
643323
257289
295684
820741
484126
1875
697742
771804
573112
312723
31905
302789
567462
472861
985760
888440
252912
661793
340300
565677
882350
816809
196642
872588
718550
141096
281630
105295
600498
213200
45545
23213
574620
395244
325469
780453
861304
471541
380618
957091
275391
895499
836780
135595
574987
234085
795876
219772
465745
607180
952150
143331
21315
220717
678605
168209
675535
442714
767017
674470
468404
617718
311007
373663
73146
914187
390387
885672
621407
583283
423771
984151
186380
57639
722316
316842
549063
127562
444889
997962
665472
764818
999801
750516
700415
419186
449454
68173
429515
248699
355226
184275
928615
405612
385927
41660
537841
756423
43010
471319
552009
446894
505781
646707
172395
609196
217362
712550
866402
327240
928503
176456
88234
80815
703795
255631
743604
385205
409768
237623
321538
919150
448737
955419
243592
115384
822414
546733
814831
40558
278680
597913
926851
646054
689014
850368
909012
988714
513685
260155
40684
896757
900279
179155
864070
717144
308082
926625
375097
364518
108888
640494
750460
669821
434451
283798
856384
845358
114310
928536
549766
515407
836630
507037
474078
259668
375446
798378
836438
285364
349652
943993
939467
998749
504645
657490
892909
355477
491324
88074
458839
126520
612354
890936
34994
859214
593428
346510
254133
672277
984860
366213
651967
660935
806133
421691
891071
923412
97085
68837
254015
420698
68060
437466
813337
266570
491306
709367
882832
783565
975340
347573
361834
853558
845203
514718
640183
897043
157053
941770
77391
905105
319145
327997
183645
912531
238719
584707
630935
708465
464661
720102
56098
966275
463274
192708
843333
492231
286051
220433
751950
74288
221846
952724
354157
849392
809064
84326
123977
584163
910204
550365
675745
717810
666102
215213
673033
680123
202449
385981
542058
451412
958447
859210
466725
60582
47417
328954
165776
910472
537171
569625
424685
488295
919035
770303
188615
833893
559345
614598
377264
935352
608475
429230
897876
524766
620429
23540
714539
36858
847008
370569
575479
790386
173933
477354
513677
558986
9845
388093
737849
930658
726906
611871
236729
878663
371917
670997
782031
643903
994555
108321
993435
825924
203906
301582
724340
270701
974283
889462
241641
524712
105414
221269
159100
663689
494111
866245
38872
680137
891311
337077
39346
379837
625228
615800
38676
56687
94772
720340
296364
833173
949241
649873
158067
946193
600367
805844
702802
428575
657952
135548
394895
572404
54716
113139
846038
114674
901216
172452
638354
493821
57766
73877
405840
535426
215270
297214
787033
377934
588581
100332
116456
99742
899669
526513
470346
986589
342612
274643
60600
838936
70375
282249
585648
527425
62716
35007
659592
873452
745488
27620
417174
2322
316765
334379
988631
421768
856168
724641
982203
93278
214660
885404
63216
906254
609283
835451
226419
832392
153770
456159
328891
312389
435902
595842
651304
218835
544334
134640
144463
51803
478524
480403
549399
193604
27339
727960
359551
524353
376414
127797
86395
205694
405857
122540
106754
32830
654740
730968
940040
462456
722798
792744
498234
98611
424907
919100
713098
963858
557417
33354
682222
860263
661639
307479
889628
595140
339871
616722
616333
945787
857198
614325
983187
291096
371276
408259
191483
930982
973492
564767
54925
744072
17665
848032
300861
58968
931639
623321
472391
650771
41597
14962
721356
430093
729870
790824
812528
101583
92769
960219
743316
993926
650387
524837
263229
412344
786696
493445
610588
259203
10080
714069
655470
37260
870285
58120
43396
761311
147286
402084
5283
646671
409729
618373
739478
826043
604521
943463
798428
703306
428293
417967
808095
270410
549877
894890
590303
274785
134080
842768
22897
89704
628115
385459
917719
16833
868114
477872
805765
524121
313563
23998
402107
581041
700826
446952
887132
162118
491996
185111
743251
926542
54519
821733
785131
939119
737997
704330
77521
540362
72648
647060
806695
283107
479488
938721
869549
441920
829740
999294
782161
468536
371119
769919
706428
8924
315223
548841
302073
344615
545214
997724
640939
683398
826129
515748
178454
892424
104819
377250
259848
612586
402210
487529
480653
74634
508245
10351
749028
813047
698297
854954
31847
346242
977066
735879
266635
860199
785987
448341
143180
311588
77690
375264
775013
85298
931622
764832
114746
981
127274
878100
651525
422451
691103
490991
891273
484181
731511
430625
26584
16759
430554
672456
348804
159313
122478
755435
484204
61922
242870
823082
874628
858205
627479
47904
762841
590147
343606
914946
615421
486995
766088
331128
739244
2929
783618
237059
713801
355680
124919
177405
110721
447420
778593
893675
182716
269497
725583
937877
140825
183323
870771
105998
3359
711371
428713
299405
552495
84566
465154
61491
899314
141053
714549
350012
187496
704980
728413
381406
102628
95546
994297
540445
138586
247985
772145
142504
504146
21705
142100
331564
460376
701538
579757
145896
451994
766203
355464
822613
925240
22498
352242
352717
471272
434807
596368
349984
673557
656959
276022
917072
339822
175256
822542
365677
789344
807390
890921
378299
683215
396892
857042
828984
416473
640012
740085
539460
86801
972160
294027
653192
435998
932584
263365
21414
881950
606472
789579
70869
915467
148063
170109
700070
181311
158847
874564
435274
591584
139721
472041
760786
504082
549826
868592
243768
825736
297307
974864
529578
533754
278852
835693
531949
557359
371018
460582
280132
264739
958230
193853
406499
289524
755310
233589
269159
350316
398770
829708
756188
493731
368135
341291
654321
73011
687144
537944
391968
51801
567109
708513
465088
591655
380128
652
598947
42200
203561
492685
89229
383412
404070
518807
694694
834392
157140
960230
211432
713396
21814
689643
154834
378877
897214
780057
557542
661125
708176
354722
322485
32599
423366
205745
258347
553143
797986
695063
529183
64104
934403
831094
208851
726506
167566
389455
535638
368790
463278
512175
794240
637685
61447
431224
466667
369445
613054
186168
302473
238358
552917
56467
992151
408269
780673
171174
591122
894534
349529
350387
431631
425907
88849
156145
490266
72809
245132
953459
392077
929101
979998
859312
42265
573783
925107
229348
563738
296378
192599
970950
632827
549992
871020
504408
189483
773527
428277
269774
374126
498194
799610
275949
649884
526896
963285
968002
683012
845597
677261
600938
48711
441175
128440
243913
825486
66265
113731
745273
667783
222247
522362
862790
407381
511672
606697
337832
812
251659
768628
37192
169442
305204
2019
339414
83817
651171
133927
961560
209611
305666
669228
484121
4902
420106
459644
695228
386028
255052
906511
209119
460489
552820
137282
540617
864437
273145
613746
24752
692333
754937
137491
651739
995232
920763
725798
964130
269433
259471
351577
327422
249014
201930
430965
318972
260422
123651
506904
775798
769578
742859
731092
43210
93710
708253
912287
966759
432822
270823
66298
136883
783349
156114
171134
365823
968894
825534
851383
618651
975025
827812
870770
609658
287940
134150
558097
314959
284573
869368
591060
8092
77004
162072
716887
854165
636177
107980
332778
146797
467610
408720
937456
995796
213121
208048
914085
496198
591398
856990
276725
27528
489548
408706
705381
629254
384886
802714
428710
281948
597209
851658
293494
219955
22326
508203
593207
289805
664565
72949
799616
363630
677013
782392
876250
188409
25302
941388
163195
3393
267573
475368
607329
264410
126098
916287
650204
958179
26710
234345
110104
190637
780705
138725
577294
415552
386890
333012
687539
940818
175147
382318
414746
219314
58366
248659
969789
628846
298712
621334
900446
519062
367692
299184
896092
430659
504073
840823
10317
96358
322667
325150
348260
647052
684965
52707
89422
724299
238492
230048
373171
595557
220404
122417
957600
115072
875845
17680
322786
398409
9613
169042
577745
369148
219278
966153
628974
122848
47156
853654
353004
508518
99345
662881
541523
288355
687556
108941
185824
273359
274579
735989
497225
721611
229948
218934
150434
490572
336078
500003
390534
860862
834883
963308
974218
352969
524272
206159
492842
467914
814914
5458
778576
54150
271710
48556
701452
640920
448347
51180
61506
371487
206981
829138
495609
704027
484316
210885
228228
722992
919193
615851
960824
954235
22032
121363
432764
508022
174669
692822
19082
766472
565105
350934
80771
889177
977923
290235
936889
968834
25809
943570
137317
661612
954013
140561
509442
800919
685726
58480
160945
658395
133978
32496
281886
698292
272438
754890
271169
313661
543385
572756
51546
435299
715625
198992
283636
5004
48255
835786
656881
348774
603969
278280
104127
119549
418084
981469
681138
83854
471618
726695
81614
98382
344916
717232
500100
390353
906602
261126
503321
167234
605236
622467
795420
625621
484971
4470
647815
874719
499844
384022
63068
477115
309691
775556
834185
952386
810180
416177
220623
411357
910281
887508
24094
187188
517071
726248
244411
904118
106948
363061
427149
725210
706728
890195
850131
442644
684368
869071
468309
547846
598896
414247
929793
45499
786761
928201
55165
727226
599365
594397
935075
24662
314053
862095
508090
963228
389679
763830
604575
344872
63823
381553
270212
853258
919622
25886
72406
877054
313938
557193
431643
789169
874831
682757
288935
193688
500191
329527
434971
930147
105273
637392
870719
176775
301904
999133
664264
783079
665119
328770
749262
856908
92078
712807
44212
118247
298304
302069
235215
278946
11631
218612
752566
596383
132053
72281
479223
832858
835176
120017
885672
618455
437979
539074
6450
411590
571212
840553
799032
292230
92976
662030
766630
533481
239536
790215
857129
941247
269600
896507
724350
576616
266244
881199
440573
942618
712472
998738
893758
36469
940701
814779
738567
642715
899472
551087
557927
543665
358906
129493
363916
860642
845047
583173
420506
511094
706111
714630
585891
142253
613749
605904
664056
119605
99965
618566
144278
284947
758023
97058
856263
549779
191012
148178
781084
659179
462097
69099
325584
957223
954238
908523
759606
562260
516770
652012
75108
296206
92824
649952
765573
355939
916889
33720
490549
354400
427695
299060
734699
174052
80370
150995
298008
813724
467705
770184
587287
606680
8858
810887
195817
231074
984837
555832
821728
225493
916077
39013
896222
242510
346657
664186
493700
247980
442461
39810
704606
66299
477536
802578
919606
828458
335495
584637
349082
605872
113954
44375
756254
54264
625136
536274
651264
947267
382374
83301
306853
942114
66458
895221
116832
666249
915040
704576
314848
969848
246596
491971
969208
572622
234642
448217
381554
153600
325979
7181
50700
708906
364892
900786
498494
241475
438857
405002
421858
994616
119227
993061
216372
474800
554789
693349
833460
922195
529981
940981
68424
989244
333277
307294
873367
489969
554615
71940
71540
629847
284563
57943
476939
296108
229181
934303
791310
787358
571508
369347
472223
971496
376327
638871
64224
231413
437384
146593
903521
938379
965275
347923
262148
81190
218518
208485
893227
141606
47697
300237
482787
583518
349822
480474
285829
532384
281588
839059
751566
523933
10364
642718
707305
585576
184466
722822
968529
73597
660261
678788
843692
500541
684309
791410
904196
221462
525493
534254
839839
57635
769444
865455
450539
606222
518193
907303
202915
414048
820160
83710
979102
574332
131778
921690
583527
216921
356077
301803
545499
6027
281728
616860
403333
454717
67470
525775
29001
33866
974382
585719
996838
357993
335630
285521
456656
865784
658321
463225
409725
812696
29199
284731
433606
207860
618757
694415
851628
885765
453302
498561
934671
57288
503310
973286
160634
524376
409181
682459
773478
830240
680595
943171
980268
283029
588339
894710
439734
361894
351625
261691
375115
88145
876016
629591
321841
592601
353830
761061
864806
158215
487309
155703
872108
938454
995920
540395
626598
558407
445690
103899
949564
520620
800863
189339
491196
381962
242798
249691
433947
230544
216386
867577
469512
203993
391859
980964
472842
321003
856414
764080
832196
749307
638441
239118
34008
184015
20674
492777
435694
112674
148883
174561
727156
644249
499086
272368
438503
998711
793488
679387
46657
716596
151426
629184
566182
947076
611989
60089
722116
18744
88857
994736
506767
696234
294673
107188
604455
61490
518756
484677
419693
530860
180496
955021
398218
40322
35731
848933
200805
581753
956492
644263
877546
536143
782719
936612
176603
506095
445539
125625
371209
288569
829717
269990
342699
39877
236418
127197
914285
152874
371105
33701
196704
556673
480171
88000
154157
895341
123140
802428
103287
130575
337930
409283
811184
863587
738354
533533
947487
301856
224589
409164
478629
351302
845437
32462
199839
200367
602913
851697
580815
166176
493106
387581
684982
574791
954818
763476
220845
791216
756265
841347
895626
959497
404275
672871
746063
179251
438508
640454
227898
12365
663382
853648
177480
642994
766505
223574
341429
950326
679899
176165
603156
460613
60336
357842
647791
222914
273252
621293
567017
371084
363336
811579
636752
57783
741323
925015
15182
350611
430563
261815
54989
794607
196099
946398
353067
433412
704098
233689
263436
580030
637248
223543
227710
773358
387511
418205
129441
427484
891433
465726
582307
46936
434892
892913
352469
588834
721975
405777
609416
900246
440635
256381
415415
470056
604872
754277
482888
757098
819815
670789
726103
981654
641594
799593
848752
816055
802091
649003
344769
116293
835241
169977
11986
981544
163929
723718
56864
750733
461165
49440
263344
51530
99899
109361
835070
810493
443033
719078
162431
49966
31175
929788
788775