0
36
285
479
1201
2242
2487
2751
2860
3079
3162
3216
3312
3620
3641
3738
3820
3864
3911
3949
3993
4068
4701
5096
5534
5622
6136
6806
7028
7224
7313
7393
7868
7924
7963
9111
9500
9615
9985
10039
10332
10386
10605
11536
12188
13243
13537
13730
14738
14783
14816
14885
15383
15456
15725
16205
16286
16305
16338
16357
16746
17688
17848
17916
17960
18400
18555
18732
19061
19863
19888
20323
20451
20532
20754
20780
20981
21176
21205
21664
21676
21941
21975
22133
22301
22380
22778
22945
23105
23171
23197
23335
23528
24130
24371
24797
24914
25139
25414
25767
26347
26417
26437
26599
26676
26878
27071
27103
27302
27668
27791
27831
28156
28786
28905
29051
29210
29509
29816
29947
30256
30462
31181
32165
32346
32694
32759
32783
33781
34128
34324
34398
34597
34940
35053
35228
35239
35239
35446
35704
35708
36127
36814
37039
37418
37531
38331
38356
38403
38688
39361
39490
39558
40049
40313
40920
41532
41713
41718
41797
41948
42177
42189
42211
42331
42738
42789
43115
43229
43256
43310
43778
44012
44106
44460
44541
45272
45326
45326
45449
45597
45980
45995
46052
46102
46716
47012
47649
47934
47945
48335
48703
48739
48861
49111
49285
49629
49804
49830
49971
50293
50312
50406
50898
50923
50980
51527
51535
51866
52932
53055
53454
53466
53785
54270
54337
55038
55357
55590
55678
55853
55889
56026
56101
56538
56780
56811
57082
57245
57293
57717
57878
58114
58383
58657
58759
59035
59105
59228
59265
59597
59629
59951
60037
60116
60145
60173
60589
60638
60666
61651
62001
62499
62535
62541
62748
63086
64091
64385
64574
65143
65510
65573
65640
66060
66138
66143
66948
67054
67192
67389
67470
67552
69625
69907
70823
71023
71221
71254
71559
71683
71807
71953
71994
72053
72368
72430
72810
73154
73186
73191
73304
73380
73882
73981
74077
74292
74390
74415
74501
74708
74805
74950
75256
75335
75385
75423
76064
76213
76352
76525
76734
76765
77453
78246
78403
78403
78419
78982
79343
79502
79503
79842
80003
80569
80824
80859
81818
81852
82229
82385
82489
82575
83070
83117
83131
83323
83646
83881
83919
84237
84912
85393
85611
85683
86105
86165
86247
86666
86835
87372
87453
88305
88780
89091
89156
89601
89625
90064
90091
90129
91146
91330
91336
91447
91909
91943
92124
92302
92435
92515
92620
93056
93102
93616
93894
93962
94062
95126
95231
95581
95771
96504
97479
97512
97841
97846
98240
98946
99112
99134
99678
99789
100231
100278
100710
100893
101502
101528
101625
101931
102066
102339
102451
102861
103174
103502
103607
103680
103696
103979
104032
104051
104566
104754
104996
105213
105499
105727
106184
106577
106803
106929
106975
107307
107527
108809
109013
109702
109758
109787
109792
109910
110431
110432
111225
111383
111507
111594
111743
112103
112415
113424
114274
114391
114736
114796
115276
115364
115423
115568
116423
117038
117371
117407
117660
118040
118239
118396
118601
119049
119052
119240
119713
120345
120359
120402
120748
121030
121089
121136
121149
121538
121758
121836
121945
122005
122052
122064
122273
122358
122429
122497
123210
123392
124720
124740
124882
125589
125647
125986
125995
126097
126109
126142
126306
127391
127666
127738
127839
128290
128315
128885
129170
129242
129473
129952
130303
130465
130671
130866
130942
131020
131080
131711
131980
132070
132072
132142
132519
132870
133016
133369
133607
133938
134129
134277
134379
135026
135328
135420
135459
135588
136065
136519
136771
136917
137072
137276
137362
137459
137479
137546
137548
137762
137874
138132
138304
138564
138599
138945
139056
139231
139651
141173
141269
141493
141667
141678
141683
141846
142060
142222
142789
143656
143738
143984
143998
144103
144407
144689
144701
144863
145456
146146
146151
146188
146493
146769
146798
147083
147191
147503
147563
147587
147750
148262
149560
149912
150067
150191
150263
150428
150459
150572
150878
150898
151294
151657
151939
152344
152548
152711
153037
153200
153855
154511
154563
154588
154908
155581
155694
156409
156446
156760
157573
158034
158523
158806
159121
159445
159818
160034
160094
160098
160185
160214
160237
160304
160633
160851
161113
161186
161244
161364
161471
161488
161617
161685
162799
162854
162928
162954
163113
163162
163270
163448
163501
163814
163862
164017
164384
165031
165225
165472
165515
165518
165742
165821
166682
166737
166880
166886
167054
167191
167259
167810
167851
167995
168032
168107
168903
168929
169457
169989
170002
170160
170160
170259
170339
170467
170894
171312
171672
171734
172142
172249
172689
172704
173247
173376
173483
173650
173918
173925
174304
177065
177404
177446
177450
178261
178297
178638
178781
179205
179608
179658
179916
180099
180298
180317
180366
182073
182125
182425
182702
182719
183596
183778
183964
184123
185318
185474
185605
185879
185955
185975
186032
186110
186225
186482
186573
186635
187399
187400
187797
188354
188607
188682
188723
188895
188928
189317
189378
189540
190343
190414
190482
190505
190767
191129
191261
191506
191805
191944
192715
192962
193194
193260
193358
193406
193418
193509
193577
193614
193671
193875
193884
194189
194499
194504
194756
194767
194772
194898
194921
194950
195052
195127
195177
195264
195500
195737
195824
195831
195985
196538
196959
197008
197022
197277
197470
197504
197541
198061
198264
198389
199007
199042
199743
200228
200674
200721
201714
201943
202531
202623
202817
202903
203335
203544
204602
205305
205737
205917
206016
206137
206294
206323
206527
206648
207054
207136
207387
208413
208487
208871
209454
209607
209740
209800
209937
210295
210312
210326
210559
210629
210629
210749
210804
211073
211113
211192
211559
211636
212490
212705
212905
213664
213753
214186
214534
214678
214818
214991
215075
215263
215886
215934
216077
216095
216235
216290
216611
217188
217231
217234
217740
217976
218271
218601
219302
219766
219912
220116
220160
220171
220718
221135
221308
221475
221548
221571
222832
223007
223249
223279
223524
224853
225042
225642
225795
225865
226038
226105
226183
226287
226702
226705
226828
226978
227636
227739
227909
228053
228129
228232
228562
228751
228846
229069
229465
229781
230041
230356
230446
230507
231033
231228
231231
231462
231771
231812
232202
232230
232238
232685
232760
233036
233101
233165
233265
233365
233582
234714
234913
235017
235655
235874
236253
236622
237312
237739
238077
238413
238444
238611
238655
238947
239006
239199
239254
239346
239648
239709
240150
240347
240664
241095
241650
241683
242051
242441
242622
242993
243078
243089
243107
243379
243581
243805
243994
244294
244295
244848
244902
244972
245284
245360
245408
245531
245573
245702
245784
246461
246601
246907
247164
247175
247199
247307
247324
247502
247503
247545
247736
248063
248219
248251
248388
248621
248940
248983
249327
249381
250185
250248
250252
250291
250322
250368
250431
250520
251509
251872
252838
253084
253326
254188
254337
254364
255239
256157
256694
256895
257029
257409
257575
257660
257707
257814
257958
258144
258153
258172
258883
259393
259569
259800
259854
260101
260107
260357
260434
260984
261805
261902
262232
262511
262583
263082
263227
263539
264490
265315
265406
265516
265639
265727
265911
266331
266745
267392
268023
268039
268107
268327
268854
269042
269154
269250
269283
269587
269741
269866
270247
270551
271202
271268
271699
271893
271953
272068
272165
272199
273099
273254
273456
273623
273662
273885
273978
274141
274756
274906
275099
275405
275545
275590
276750
277077
277255
278077
278452
278559
278719
278902
278913
278971
279189
279425
279475
279485
279724
279989
280153
281081
281094
281264
281285
281569
282019
282079
283387
283482
283584
283791
283945
284070
284076
284080
284153
284157
284659
284976
285157
285236
285745
285908
286197
286504
286889
286993
287406
287576
287762
288128
288169
288412
288427
288552
288617
288859
288956
289334
289489
289506
289779
289943
290870
291101
291422
293125
293535
293748
293772
293874
294331
294452
294805
295124
295339
295363
296197
296338
296630
296660
296958
296973
297541
297568
297817
297970
298107
298472
298873
298900
298969
299200
299260
299623
300136
300332
300498
300708
300725
300807
300871
301049
301339
301929
302107
302368
302696
303810
304030
304366
304658
304664
304878
305021
305390
305549
305584
306292
306513
307013
307140
307647
307864
308102
308130
308258
308386
308456
309095
309211
309394
309418
309814
310094
310404
310519
310676
310714
310877
310953
311011
311048
311354
311398
311859
311874
311899
312175
312560
312565
312699
313649
313742
313753
314517
314730
314911
315067
315540
315666
315727
315877
315938
316618
316634
317341
317466
317576
317799
318141
318186
318629
318887
319033
320334
320369
321215
321221
321440
321615
321681
322125
322257
322351
322632
322831
322840
323018
323512
324079
324269
324661
324788
324971
325165
325312
325551
325863
326165
326189
326212
326215
326333
326381
326840
327241
327323
327865
327896
328057
328454
328667
328885
328899
329289
330229
330437
330611
330954
331223
331663
331828
332086
332149
332381
332400
332610
332811
333025
333302
333343
333354
333893
334257
334440
334725
335229
335551
336719
336794
336897
337212
337293
337302
337741
337771
337889
338126
338743
338769
338851
339219
339487
339533
339638
339884
340227
340348
340968
341164
341715
341996
342177
342263
342319
342492
342672
343269
343714
343847
344043
344708
344821
344987
345101
345235
345330
345558
345775
346464
346972
347047
347420
347473
347601
347623
348699
349046
349971
350262
351310
351595
351902
351983
352429
353013
353032
353557
353658
353761
354458
354564
354777
355041
355351
355495
356390
356884
357023
357174
357642
358023
358241
358406
358416
359263
359875
359961
360056
360072
360108
360714
360967
362027
362133
362459
363308
363687
364076
364126
364188
364523
364956
365143
365240
365347
365377
365925
365927
366250
366858
367247
367273
367357
367390
367487
367515
367601
367774
367807
368006
368302
368419
368617
368885
369388
369685
369898
370177
370196
370354
370373
370545
370672
370672
370878
371096
371229
371848
371910
372180
372388
372467
372489
373088
373699
373984
374608
374651
374852
374952
375508
375842
376744
376761
377013
377189
377191
377676
377751
377863
378524
379129
380037
381161
381165
381310
381578
381641
382161
382511
382632
382873
383260
383275
383335
383735
383766
383801
384152
384283
384324
384581
384669
384976
385032
385284
385309
385498
385577
385627
385726
385833
385882
386439
386603
386779
386796
387031
387163
387641
387644
387701
387878
387909
387955
387968
388456
388886
389243
389399
390003
390079
390434
390627
390689
390763
391067
391231
391943
392038
392125
392337
392613
393176
393493
393606
394040
394110
394498
394671
394901
395056
395072
395517
395566
395572
395714
395777
396273
396305
396539
396761
397072
397655
397969
398095
398223
398418
398459
399392
399867
399870
400162
400163
400699
400723
400743
401398
401703
401766
401995
402232
402705
402863
403054
403202
403343
403399
403596
404186
404242
404638
405023
405175
405583
405871
406326
406940
407178
407494
407537
407549
407992
408203
408206
408230
408429
408489
408517
408890
408974
409100
409251
409307
410090
410542
410610
411357
411477
411810
412115
412170
412178
412371
412537
412559
412601
412805
413205
413467
413730
413966
414059
414090
415058
415329
415364
415553
416561
416702
416808
416941
417056
417073
417149
417292
417396
417858
417992
418023
418400
418498
418742
419317
419390
419561
419628
419949
420602
420727
420756
420848
420975
421009
421156
421892
421998
422091
422588
422813
422847
423395
423429
423537
423728
424022
424466
425295
425401
425403
425441
425495
425579
425691
425959
426083
426241
426581
426923
427167
427189
428092
428251
428542
428777
429397
429727
429876
429953
430053
430254
430613
430700
430971
431047
431163
431243
431560
432024
432066
432067
432126
432268
432319
432807
432924
432988
433891
434017
434177
434189
434452
434760
434894
435136
435162
435252
435297
435604
435932
435971
436020
436055
436055
436865
437088
437292
437309
437365
437393
437461
438018
438109
439217
439225
440285
440327
440434
440447
440909
441748
441793
441935
442738
442831
442956
442986
443179
443299
443665
444014
444070
444135
444221
445452
445809
445890
445980
446030
446583
446758
446925
447076
447173
447193
447201
447235
447503
447511
447800
447901
448316
448909
449319
449454
449516
449860
451555
451698
451992
452018
452061
452522
452606
453318
453436
454075
454434
455083
455276
455313
455469
455664
455755
455908
455978
456816
457238
457259
457511
457732
457936
458120
458517
459101
459131
459710
459725
459792
460439
460613
460617
460840
460852
461172
461735
462845
463061
463086
463200
463248
463378
464203
464206
464266
464885
464903
465155
465661
465661
465794
466257
466930
467340
467782
467822
467948
468106
468243
468665
468717
468909
469024
469076
469637
470079
470151
470325
470751
470840
470969
471215
471359
471826
472000
472158
472190
472646
472755
473101
473135
473292
473548
473860
474165
474267
474298
474344
474637
474708
474780
474817
474971
475129
475314
475415
475427
475479
476874
477067
477166
477358
477372
477675
477772
477913
478332
478885
479046
479067
479504
479556
479616
479655
479951
479981
480995
481418
481742
481823
481911
481943
482517
482692
482746
482895
483514
484141
484282
484391
484984
485072
485309
485583
485681
485926
486201
486412
486662
487775
488713
489354
489830
490150
490269
490462
490854
491108
491146
491230
491260
491331
491637
491945
494009
494172
494211
495183
495192
495323
495556
495711
495931
496040
496589
496924
496984
497107
497476
497560
497675
498093
498227
498633
499308
499387
499409
499574
499798
499913
500079
500588
500608
500778
500964
501173
501418
501578
501611
501771
502086
502302
502579
502651
502653
502797
503421
503956
504690
504722
504855
504899
505009
505077
505401
505423
505916
506251
506622
506966
507080
507435
507505
507510
508551
508935
508992
509055
509388
509612
509833
509911
510264
510300
510313
510353
510775
511061
511119
511303
511547
511708
512038
512442
512481
512630
512761
512798
512810
513003
513191
513238
513405
513733
513844
513902
513986
514135
514140
514655
514899
515111
515337
515599
516017
516030
516491
516913
516943
516951
517131
517409
517499
517622
518103
518107
518121
518595
518834
519532
519566
519911
519971
520039
520296
520575
521176
521305
521977
521984
523034
523338
523590
524136
524140
524292
524371
524405
525154
525185
525512
526238
526714
526746
526810
527193
527540
527701
528209
528249
528467
528644
528801
529065
529396
529466
529583
529782
530396
530492
531272
531332
531682
531822
532438
532785
533322
533869
534083
534091
534304
534813
535055
535259
535941
536088
536750
537637
537732
538008
538186
538453
538630
538867
539147
539352
539430
539446
539673
540079
540086
540229
540541
540884
541344
542087
542211
542302
542366
542503
542986
543115
543225
543346
543501
543696
543776
544068
544338
544859
545175
545487
545493
545652
545920
546027
546757
547791
547851
547861
547923
547966
548245
548336
548708
548778
548831
549173
549339
549397
549945
550088
550500
550535
550581
550591
550800
551318
551352
551433
551627
551693
552356
552896
553117
553142
553310
553475
553525
553671
553809
554276
554364
554883
554931
555203
555388
555621
555629
555980
555993
556289
556315
556449
557188
557288
557875
558036
558204
558787
558951
559058
559245
559421
559520
559604
559758
559856
559870
560134
560459
560494
560885
560912
561108
561113
561308
561516
561631
561641
561673
561754
561965
562150
562466
563482
563493
563744
563782
563812
563814
563950
564283
564370
564451
565083
565556
565772
566066
566116
566233
566239
566370
566535
566566
566567
566745
566943
567087
567764
567958
568476
568596
568626
568645
568659
568892
569160
569273
569440
570205
570243
570418
570945
571006
571051
571071
571238
571473
571722
571730
571922
572019
572091
572210
572527
572729
572824
573091
573318
573862
574015
574085
574146
574229
574295
574387
574471
574611
574874
575277
575413
575699
576203
576254
576329
576422
577247
577378
577498
577521
577777
577987
578017
578936
578982
579391
579436
579816
580360
580367
581152
582502
582724
582758
582814
582885
582896
583095
583105
583368
583393
583418
583576
583970
584062
584353
585151
585272
585333
585551
585669
585898
585949
586321
586511
586702
586843
587068
587155
587686
588382
588411
588479
588732
589061
589135
589158
589280
589286
589393
589630
590289
590355
590468
590747
590811
592093
592325
592402
592438
592595
592688
592916
593165
593247
593328
593405
593451
593544
593596
593681
593924
594283
594389
594477
594940
595394
595635
595901
596022
596155
596306
596658
596871
596885
597160
597364
597558
597618
597818
597956
598180
598317
598317
598438
598580
598585
598627
598700
598809
598964
598986
599159
599495
599689
600324
600573
600954
601074
601234
602070
602070
602084
602445
602478
602513
602908
602934
603169
603525
603552
603684
603956
604029
604263
604786
605223
606378
606624
607062
607070
607234
607447
607471
608146
608240
608385
608417
608812
609006
609096
609125
609191
609555
609616
609666
609736
609894
610152
610171
610340
610380
610500
610560
611664
611878
612192
612194
612875
613035
613233
613654
613800
613938
613964
614449
614516
614608
614775
614882
615249
615409
615611
615679
616623
616681
616869
616980
618003
618614
618747
619032
619080
619314
619546
620658
620688
620987
621452
621701
621984
622093
622609
622800
622995
623194
623785
624434
624765
625765
625777
626407
627226
627714
628155
628260
628269
628291
628763
628818
628988
629172
629220
629363
629503
629517
629598
629700
629823
630010
630123
630350
630380
630430
630957
631419
631625
631640
631976
632055
632337
632349
632568
632879
632964
633335
633442
633914
634150
634373
634486
634869
634997
635129
635210
635521
635875
635917
635932
636229
636734
636860
636981
636998
637211
637353
637496
637663
637753
637769
637809
638429
639043
639811
640535
641072
641474
641542
641615
641711
641855
642082
642456
642590
642765
643015
643338
643556
643570
643628
643629
644169
644200
644325
644407
644491
645087
645088
645279
645335
645495
645526
645846
646545
646821
646829
646951
647813
648320
648875
648913
650059
650692
650749
650790
650980
651499
651788
651899
652815
652997
653132
653279
653399
654652
654881
655006
655226
655600
655928
656698
656924
657007
657105
657955
658422
659133
659410
659610
659684
659838
659952
660264
660461
661058
661520
661660
661813
661816
661827
662245
662387
662491
662686
662697
663150
663356
663460
663717
663865
664248
664258
664290
664319
664383
664464
664765
665492
666086
666299
666424
666930
666930
667308
668360
668374
668383
668390
668884
669039
669223
669638
670015
670543
670681
671021
671204
671817
671864
672266
672557
672929
673627
673902
674020
674094
674161
674277
674380
675052
675053
675124
675278
675364
675708
675948
675976
676197
676225
676319
676411
676490
676508
677115
677697
677964
678129
678158
678200
678361
678418
678535
678630
679396
679423
679498
679650
680408
680841
681151
681238
681412
681637
681676
681812
682112
682156
682323
682450
682507
682519
682710
682962
683262
683358
684293
684354
684686
684699
685152
685165
685245
685324
685919
685938
685939
686577
686803
686912
686964
687292
687879
687984
688011
688023
688028
688972
689091
689215
689662
689950
689951
690167
690703
691024
691327
691452
691595
691649
691786
691917
691981
692274
692488
692537
692846
693621
693708
693946
694430
694454
694471
694626
695804
696067
696276
696317
696543
696729
696764
697253
697364
697775
697807
697999
698059
698073
698164
698237
698260
698341
698484
698494
698519
698636
698760
699206
699322
699374
699657
699735
699763
700004
700068
700135
700394
700698
700784
700974
701531
702049
702105
703022
703079
703674
703835
703846
704033
704452
704621
705366
705933
705974
706464
706464
706652
706803
706830
706934
707021
707310
707472
707871
708059
708086
708428
708749
709116
709672
709682
710098
710121
711010
711042
711100
711513
711523
711600
711617
711633
712315
712445
712804
713104
713539
713594
713610
714260
714445
714909
715074
715123
715134
715829
716471
716664
716857
716888
716960
717089
717427
717648
718139
718453
718696
718872
718983
719254
719262
719367
719510
719607
719616
719881
719994
719995
720038
720346
720683
721053
721319
721692
721904
722115
722302
722438
722737
722921
723039
723079
723190
723228
724015
724467
724475
724585
724609
724809
724957
725196
725437
725481
725841
726219
726477
727173
727602
727964
728544
728668
728698
728899
729078
729218
729533
729535
729558
729672
729947
730480
730687
730866
730901
731476
732004
732194
732263
732958
733351
733495
734211
734823
734975
735078
735090
735506
735534
736584
736613
737723
737785
737904
738018
738272
738763
738887
738907
739011
739257
740291
740432
740527
740733
740771
740987
741101
741182
741437
741572
741940
742414
742638
742708
742889
742943
742971
742974
743113
743246
743740
744038
744044
744763
744830
744833
745652
746028
746247
747043
747055
747278
747336
747751
748270
748651
749130
749221
749470
749660
749783
750046
750067
750100
750879
751184
751524
751621
751929
752222
752328
752465
753085
753735
753871
753882
754007
754261
754333
754631
754660
754837
754948
755556
756816
756946
757070
757139
757288
757311
758018
758124
758276
758356
758359
758459
758689
758853
758886
759344
759433
759588
759835
760526
760566
760726
761236
761341
761679
761711
761756
762252
762435
762957
763042
763073
763305
763935
764066
764177
764606
765061
765351
765546
765783
766189
766459
767150
767582
767596
767624
767831
768623
769225
769464
769688
770195
770280
770305
770802
771121
771786
771990
772296
772405
772560
773334
773632
773658
773874
774381
775562
775582
775598
776195
776399
776469
776497
776520
777042
777256
777337
777459
777668
777729
777796
777992
778948
779221
780676
781485
781796
782168
782225
782488
782497
782531
782779
782910
783343
783465
783855
783884
784379
784558
784625
784993
785037
785240
785875
785989
786954
787201
787276
787396
787470
788004
788076
788793
789581
789871
790075
790093
790183
791124
791271
791323
791345
791387
791796
792471
792544
792759
793430
793635
793929
794166
794200
794523
794666
794760
794769
794813
794901
795101
795168
795352
795454
795527
795979
796103
796383
796608
796879
796959
797129
797143
797315
797433
797501
797856
797914
798489
799170
799296
799528
799745
800075
800112
800114
801007
801010
801268
801481
802341
802531
803949
804671
805171
805222
805442
805741
806048
806480
807002
807276
807381
807613
807688
808437
808837
808920
809085
809170
809278
809402
809443
809782
810037
810698
810761
811210
811361
811547
811866
812183
812263
812403
812868
812935
813704
813767
813796
814041
814466
814672
814753
814912
815251
815451
815580
816347
816586
817846
817988
818019
818088
818322
818346
818498
819081
819124
819170
819361
819425
819930
820552
820608
821726
822618
822752
822922
822947
822948
823320
823684
823770
823860
824082
824428
824773
824841
824911
824923
825044
825136
825414
825541
826036
826921
827560
827733
827785
828145
828224
828344
829342
829574
829658
829738
830008
830289
830547
830876
830927
831011
831216
831308
832198
832304
832500
832556
833540
833642
833859
833932
833954
834056
834449
834906
835414
836273
836350
836631
836748
837251
837901
838076
838172
838177
838203
838221
838232
838312
838472
838786
838881
838978
839133
839290
839333
839473
839677
839890
840874
840923
841011
841076
841321
841813
842092
842157
842329
842548
843187
843244
843440
844152
844228
845268
845680
845746
845885
846011
846110
846147
846255
846314
846330
846729
847139
847567
847762
848342
849238
849320
849433
849885
849951
850173
850367
850687
851042
851616
852088
852562
852838
852847
852951
852969
853107
853145
853742
854723
855452
855811
856267
856452
856618
857121
857867
858238
858517
859128
859475
859821
859914
859947
860051
860137
860364
860381
860396
860545
860996
862011
862210
862301
862365
862817
863485
863605
864251
864399
864498
865533
865580
865702
865753
865765
866004
866350
866927
867172
867193
867403
867458
868018
868374
868447
868604
868668
868746
869213
869320
870096
870440
870575
870634
870670
870749
871131
871856
871922
871946
872081
872083
872132
872582
872633
872919
872940
873120
873433
873672
873743
873809
873811
874160
874243
874384
874500
874657
874772
875218
875342
875921
876427
876522
876989
877010
877066
877087
877474
878154
878329
878789
878924
878941
879077
879734
879837
880178
880336
880669
881225
881385
881635
882115
882226
882275
882622
882636
882680
883336
883684
884332
884346
884531
884789
885205
886464
886722
886961
886976
887058
887140
887269
887384
887615
887932
887979
888001
888093
888181
888194
888540
889022
889470
889694
890090
890707
890884
890919
890977
891550
891716
891743
891807
892017
892121
892389
892991
893601
893622
893693
893898
894461
894905
895205
895991
896220
896320
896866
896920
897119
897714
897775
897862
897984
898043
898269
898385
898409
898967
899294
899342
899866
900101
900579
900678
901033
901177
901189
901217
901550
901597
902156
902583
902641
902913
903088
903760
903989
904369
904864
904866
904978
905003
905142
905355
905664
905932
906086
906158
906179
906786
906797
906997
907028
907305
907517
907573
907605
908173
908287
908315
908800
908985
909162
909274
909752
909758
909814
911081
911280
911406
912004
912272
912493
912673
912755
912782
913091
913683
913686
913729
913936
914082
914140
914268
914282
914503
914584
914618
914675
914769
914872
914946
915273
916048
916166
916636
916775
917763
917984
918052
918446
918676
919053
919174
919981
920339
920456
920748
920864
920867
921127
921677
921715
922083
922090
922854
923008
923079
923267
923305
923732
923946
924087
924110
924180
924314
924728
924728
925034
925263
925536
925585
926015
926246
926487
926808
926993
927563
927871
928281
928600
929191
929369
929503
929690
929730
929857
929918
930045
930548
930935
931079
931146
931588
931772
931805
931973
932221
932524
933091
933111
933225
933646
933707
933823
934320
934413
934874
935278
935328
935362
935536
936008
936212
936454
936518
936910
937020
937109
937360
937364
937496
937533
937963
938404
938455
938656
938841
938960
939037
939544
939607
940238
940587
940670
940826
940979
941041
941989
942020
942411
942685
942803
942939
942954
943190
943209
943226
943343
943929
944000
944616
945119
946991
947441
947555
947753
947852
948033
948458
948553
948579
948918
948955
949045
949605
949738
949905
950026
950232
950486
950794
950802
950950
950961
950972
951024
951615
951857
952026
952216
952440
952865
953127
953184
953387
953475
954225
954640
954847
954983
955004
955162
955292
955891
955996
956133
956404
956784
957337
957339
957342
957576
957889
958451
958484
959794
960586
960609
960707
961257
961288
961327
961495
961559
962090
962128
962507
963342
963366
964316
965039
965112
965382
965737
965807
965817
966257
966361
966406
966463
966607
967051
967094
967159
967507
967775
967869
968516
969285
969873
970015
970383
970879
971275
971843
971896
972972
973650
973770
973846
974382
974847
975094
975244
975462
975538
976201
976309
976387
976408
976589
976744
977125
977140
977589
978087
978337
978416
978591
978632
978722
979000
979030
979049
979330
979696
979749
979848
979943
979973
979987
980776
980834
981191
981215
981371
981467
981473
981645
982301
982748
982885
983365
983482
983548
983795
983895
984101
984250
984282
984286
984305
984398
984579
984643
985112
985115
985152
985494
985594
985963
986411
986968
987025
987575
987987
988121
988478
988628
988813
988971
989191
989944
990009
990178
990449
990499
990537
990718
990846
991424
991747
991771
991948
991969
992025
992095
992116
992246
992384
992571
992587
992653
993046
993234
993333
993452
993612
993649
993883
994000
994051
994103
994122
994235
994279
994408
994495
994599
995159
995833
996148
996275
996347
996493
996768
997236
997692
999125
999250
999310
999592
999819
999821