999821
999819
999592
999310
999250
999125
997692
997236
996768
996493
996347
996275
996148
995833
995159
994599
994495
994408
994279
994235
994122
994103
994051
994000
993883
993649
993612
993452
993333
993234
993046
992653
992587
992571
992384
992246
992116
992095
992025
991969
991948
991771
991747
991424
990846
990718
990537
990499
990449
990178
990009
989944
989191
988971
988813
988628
988478
988121
987987
987575
987025
986968
986411
985963
985594
985494
985152
985115
985112
984643
984579
984398
984305
984286
984282
984250
984101
983895
983795
983548
983482
983365
982885
982748
982301
981645
981473
981467
981371
981215
981191
980834
980776
979987
979973
979943
979848
979749
979696
979330
979049
979030
979000
978722
978632
978591
978416
978337
978087
977589
977140
977125
976744
976589
976408
976387
976309
976201
975538
975462
975244
975094
974847
974382
973846
973770
973650
972972
971896
971843
971275
970879
970383
970015
969873
969285
968516
967869
967775
967507
967159
967094
967051
966607
966463
966406
966361
966257
965817
965807
965737
965382
965112
965039
964316
963366
963342
962507
962128
962090
961559
961495
961327
961288
961257
960707
960609
960586
959794
958484
958451
957889
957576
957342
957339
957337
956784
956404
956133
955996
955891
955292
955162
955004
954983
954847
954640
954225
953475
953387
953184
953127
952865
952440
952216
952026
951857
951615
951024
950972
950961
950950
950802
950794
950486
950232
950026
949905
949738
949605
949045
948955
948918
948579
948553
948458
948033
947852
947753
947555
947441
946991
945119
944616
944000
943929
943343
943226
943209
943190
942954
942939
942803
942685
942411
942020
941989
941041
940979
940826
940670
940587
940238
939607
939544
939037
938960
938841
938656
938455
938404
937963
937533
937496
937364
937360
937109
937020
936910
936518
936454
936212
936008
935536
935362
935328
935278
934874
934413
934320
933823
933707
933646
933225
933111
933091
932524
932221
931973
931805
931772
931588
931146
931079
930935
930548
930045
929918
929857
929730
929690
929503
929369
929191
928600
928281
927871
927563
926993
926808
926487
926246
926015
925585
925536
925263
925034
924728
924728
924314
924180
924110
924087
923946
923732
923305
923267
923079
923008
922854
922090
922083
921715
921677
921127
920867
920864
920748
920456
920339
919981
919174
919053
918676
918446
918052
917984
917763
916775
916636
916166
916048
915273
914946
914872
914769
914675
914618
914584
914503
914282
914268
914140
914082
913936
913729
913686
913683
913091
912782
912755
912673
912493
912272
912004
911406
911280
911081
909814
909758
909752
909274
909162
908985
908800
908315
908287
908173
907605
907573
907517
907305
907028
906997
906797
906786
906179
906158
906086
905932
905664
905355
905142
905003
904978
904866
904864
904369
903989
903760
903088
902913
902641
902583
902156
901597
901550
901217
901189
901177
901033
900678
900579
900101
899866
899342
899294
898967
898409
898385
898269
898043
897984
897862
897775
897714
897119
896920
896866
896320
896220
895991
895205
894905
894461
893898
893693
893622
893601
892991
892389
892121
892017
891807
891743
891716
891550
890977
890919
890884
890707
890090
889694
889470
889022
888540
888194
888181
888093
888001
887979
887932
887615
887384
887269
887140
887058
886976
886961
886722
886464
885205
884789
884531
884346
884332
883684
883336
882680
882636
882622
882275
882226
882115
881635
881385
881225
880669
880336
880178
879837
879734
879077
878941
878924
878789
878329
878154
877474
877087
877066
877010
876989
876522
876427
875921
875342
875218
874772
874657
874500
874384
874243
874160
873811
873809
873743
873672
873433
873120
872940
872919
872633
872582
872132
872083
872081
871946
871922
871856
871131
870749
870670
870634
870575
870440
870096
869320
869213
868746
868668
868604
868447
868374
868018
867458
867403
867193
867172
866927
866350
866004
865765
865753
865702
865580
865533
864498
864399
864251
863605
863485
862817
862365
862301
862210
862011
860996
860545
860396
860381
860364
860137
860051
859947
859914
859821
859475
859128
858517
858238
857867
857121
856618
856452
856267
855811
855452
854723
853742
853145
853107
852969
852951
852847
852838
852562
852088
851616
851042
850687
850367
850173
849951
849885
849433
849320
849238
848342
847762
847567
847139
846729
846330
846314
846255
846147
846110
846011
845885
845746
845680
845268
844228
844152
843440
843244
843187
842548
842329
842157
842092
841813
841321
841076
841011
840923
840874
839890
839677
839473
839333
839290
839133
838978
838881
838786
838472
838312
838232
838221
838203
838177
838172
838076
837901
837251
836748
836631
836350
836273
835414
834906
834449
834056
833954
833932
833859
833642
833540
832556
832500
832304
832198
831308
831216
831011
830927
830876
830547
830289
830008
829738
829658
829574
829342
828344
828224
828145
827785
827733
827560
826921
826036
825541
825414
825136
825044
824923
824911
824841
824773
824428
824082
823860
823770
823684
823320
822948
822947
822922
822752
822618
821726
820608
820552
819930
819425
819361
819170
819124
819081
818498
818346
818322
818088
818019
817988
817846
816586
816347
815580
815451
815251
814912
814753
814672
814466
814041
813796
813767
813704
812935
812868
812403
812263
812183
811866
811547
811361
811210
810761
810698
810037
809782
809443
809402
809278
809170
809085
808920
808837
808437
807688
807613
807381
807276
807002
806480
806048
805741
805442
805222
805171
804671
803949
802531
802341
801481
801268
801010
801007
800114
800112
800075
799745
799528
799296
799170
798489
797914
797856
797501
797433
797315
797143
797129
796959
796879
796608
796383
796103
795979
795527
795454
795352
795168
795101
794901
794813
794769
794760
794666
794523
794200
794166
793929
793635
793430
792759
792544
792471
791796
791387
791345
791323
791271
791124
790183
790093
790075
789871
789581
788793
788076
788004
787470
787396
787276
787201
786954
785989
785875
785240
785037
784993
784625
784558
784379
783884
783855
783465
783343
782910
782779
782531
782497
782488
782225
782168
781796
781485
780676
779221
778948
777992
777796
777729
777668
777459
777337
777256
777042
776520
776497
776469
776399
776195
775598
775582
775562
774381
773874
773658
773632
773334
772560
772405
772296
771990
771786
771121
770802
770305
770280
770195
769688
769464
769225
768623
767831
767624
767596
767582
767150
766459
766189
765783
765546
765351
765061
764606
764177
764066
763935
763305
763073
763042
762957
762435
762252
761756
761711
761679
761341
761236
760726
760566
760526
759835
759588
759433
759344
758886
758853
758689
758459
758359
758356
758276
758124
758018
757311
757288
757139
757070
756946
756816
755556
754948
754837
754660
754631
754333
754261
754007
753882
753871
753735
753085
752465
752328
752222
751929
751621
751524
751184
750879
750100
750067
750046
749783
749660
749470
749221
749130
748651
748270
747751
747336
747278
747055
747043
746247
746028
745652
744833
744830
744763
744044
744038
743740
743246
743113
742974
742971
742943
742889
742708
742638
742414
741940
741572
741437
741182
741101
740987
740771
740733
740527
740432
740291
739257
739011
738907
738887
738763
738272
738018
737904
737785
737723
736613
736584
735534
735506
735090
735078
734975
734823
734211
733495
733351
732958
732263
732194
732004
731476
730901
730866
730687
730480
729947
729672
729558
729535
729533
729218
729078
728899
728698
728668
728544
727964
727602
727173
726477
726219
725841
725481
725437
725196
724957
724809
724609
724585
724475
724467
724015
723228
723190
723079
723039
722921
722737
722438
722302
722115
721904
721692
721319
721053
720683
720346
720038
719995
719994
719881
719616
719607
719510
719367
719262
719254
718983
718872
718696
718453
718139
717648
717427
717089
716960
716888
716857
716664
716471
715829
715134
715123
715074
714909
714445
714260
713610
713594
713539
713104
712804
712445
712315
711633
711617
711600
711523
711513
711100
711042
711010
710121
710098
709682
709672
709116
708749
708428
708086
708059
707871
707472
707310
707021
706934
706830
706803
706652
706464
706464
705974
705933
705366
704621
704452
704033
703846
703835
703674
703079
703022
702105
702049
701531
700974
700784
700698
700394
700135
700068
700004
699763
699735
699657
699374
699322
699206
698760
698636
698519
698494
698484
698341
698260
698237
698164
698073
698059
697999
697807
697775
697364
697253
696764
696729
696543
696317
696276
696067
695804
694626
694471
694454
694430
693946
693708
693621
692846
692537
692488
692274
691981
691917
691786
691649
691595
691452
691327
691024
690703
690167
689951
689950
689662
689215
689091
688972
688028
688023
688011
687984
687879
687292
686964
686912
686803
686577
685939
685938
685919
685324
685245
685165
685152
684699
684686
684354
684293
683358
683262
682962
682710
682519
682507
682450
682323
682156
682112
681812
681676
681637
681412
681238
681151
680841
680408
679650
679498
679423
679396
678630
678535
678418
678361
678200
678158
678129
677964
677697
677115
676508
676490
676411
676319
676225
676197
675976
675948
675708
675364
675278
675124
675053
675052
674380
674277
674161
674094
674020
673902
673627
672929
672557
672266
671864
671817
671204
671021
670681
670543
670015
669638
669223
669039
668884
668390
668383
668374
668360
667308
666930
666930
666424
666299
666086
665492
664765
664464
664383
664319
664290
664258
664248
663865
663717
663460
663356
663150
662697
662686
662491
662387
662245
661827
661816
661813
661660
661520
661058
660461
660264
659952
659838
659684
659610
659410
659133
658422
657955
657105
657007
656924
656698
655928
655600
655226
655006
654881
654652
653399
653279
653132
652997
652815
651899
651788
651499
650980
650790
650749
650692
650059
648913
648875
648320
647813
646951
646829
646821
646545
645846
645526
645495
645335
645279
645088
645087
644491
644407
644325
644200
644169
643629
643628
643570
643556
643338
643015
642765
642590
642456
642082
641855
641711
641615
641542
641474
641072
640535
639811
639043
638429
637809
637769
637753
637663
637496
637353
637211
636998
636981
636860
636734
636229
635932
635917
635875
635521
635210
635129
634997
634869
634486
634373
634150
633914
633442
633335
632964
632879
632568
632349
632337
632055
631976
631640
631625
631419
630957
630430
630380
630350
630123
630010
629823
629700
629598
629517
629503
629363
629220
629172
628988
628818
628763
628291
628269
628260
628155
627714
627226
626407
625777
625765
624765
624434
623785
623194
622995
622800
622609
622093
621984
621701
621452
620987
620688
620658
619546
619314
619080
619032
618747
618614
618003
616980
616869
616681
616623
615679
615611
615409
615249
614882
614775
614608
614516
614449
613964
613938
613800
613654
613233
613035
612875
612194
612192
611878
611664
610560
610500
610380
610340
610171
610152
609894
609736
609666
609616
609555
609191
609125
609096
609006
608812
608417
608385
608240
608146
607471
607447
607234
607070
607062
606624
606378
605223
604786
604263
604029
603956
603684
603552
603525
603169
602934
602908
602513
602478
602445
602084
602070
602070
601234
601074
600954
600573
600324
599689
599495
599159
598986
598964
598809
598700
598627
598585
598580
598438
598317
598317
598180
597956
597818
597618
597558
597364
597160
596885
596871
596658
596306
596155
596022
595901
595635
595394
594940
594477
594389
594283
593924
593681
593596
593544
593451
593405
593328
593247
593165
592916
592688
592595
592438
592402
592325
592093
590811
590747
590468
590355
590289
589630
589393
589286
589280
589158
589135
589061
588732
588479
588411
588382
587686
587155
587068
586843
586702
586511
586321
585949
585898
585669
585551
585333
585272
585151
584353
584062
583970
583576
583418
583393
583368
583105
583095
582896
582885
582814
582758
582724
582502
581152
580367
580360
579816
579436
579391
578982
578936
578017
577987
577777
577521
577498
577378
577247
576422
576329
576254
576203
575699
575413
575277
574874
574611
574471
574387
574295
574229
574146
574085
574015
573862
573318
573091
572824
572729
572527
572210
572091
572019
571922
571730
571722
571473
571238
571071
571051
571006
570945
570418
570243
570205
569440
569273
569160
568892
568659
568645
568626
568596
568476
567958
567764
567087
566943
566745
566567
566566
566535
566370
566239
566233
566116
566066
565772
565556
565083
564451
564370
564283
563950
563814
563812
563782
563744
563493
563482
562466
562150
561965
561754
561673
561641
561631
561516
561308
561113
561108
560912
560885
560494
560459
560134
559870
559856
559758
559604
559520
559421
559245
559058
558951
558787
558204
558036
557875
557288
557188
556449
556315
556289
555993
555980
555629
555621
555388
555203
554931
554883
554364
554276
553809
553671
553525
553475
553310
553142
553117
552896
552356
551693
551627
551433
551352
551318
550800
550591
550581
550535
550500
550088
549945
549397
549339
549173
548831
548778
548708
548336
548245
547966
547923
547861
547851
547791
546757
546027
545920
545652
545493
545487
545175
544859
544338
544068
543776
543696
543501
543346
543225
543115
542986
542503
542366
542302
542211
542087
541344
540884
540541
540229
540086
540079
539673
539446
539430
539352
539147
538867
538630
538453
538186
538008
537732
537637
536750
536088
535941
535259
535055
534813
534304
534091
534083
533869
533322
532785
532438
531822
531682
531332
531272
530492
530396
529782
529583
529466
529396
529065
528801
528644
528467
528249
528209
527701
527540
527193
526810
526746
526714
526238
525512
525185
525154
524405
524371
524292
524140
524136
523590
523338
523034
521984
521977
521305
521176
520575
520296
520039
519971
519911
519566
519532
518834
518595
518121
518107
518103
517622
517499
517409
517131
516951
516943
516913
516491
516030
516017
515599
515337
515111
514899
514655
514140
514135
513986
513902
513844
513733
513405
513238
513191
513003
512810
512798
512761
512630
512481
512442
512038
511708
511547
511303
511119
511061
510775
510353
510313
510300
510264
509911
509833
509612
509388
509055
508992
508935
508551
507510
507505
507435
507080
506966
506622
506251
505916
505423
505401
505077
505009
504899
504855
504722
504690
503956
503421
502797
502653
502651
502579
502302
502086
501771
501611
501578
501418
501173
500964
500778
500608
500588
500079
499913
499798
499574
499409
499387
499308
498633
498227
498093
497675
497560
497476
497107
496984
496924
496589
496040
495931
495711
495556
495323
495192
495183
494211
494172
494009
491945
491637
491331
491260
491230
491146
491108
490854
490462
490269
490150
489830
489354
488713
487775
486662
486412
486201
485926
485681
485583
485309
485072
484984
484391
484282
484141
483514
482895
482746
482692
482517
481943
481911
481823
481742
481418
480995
479981
479951
479655
479616
479556
479504
479067
479046
478885
478332
477913
477772
477675
477372
477358
477166
477067
476874
475479
475427
475415
475314
475129
474971
474817
474780
474708
474637
474344
474298
474267
474165
473860
473548
473292
473135
473101
472755
472646
472190
472158
472000
471826
471359
471215
470969
470840
470751
470325
470151
470079
469637
469076
469024
468909
468717
468665
468243
468106
467948
467822
467782
467340
466930
466257
465794
465661
465661
465155
464903
464885
464266
464206
464203
463378
463248
463200
463086
463061
462845
461735
461172
460852
460840
460617
460613
460439
459792
459725
459710
459131
459101
458517
458120
457936
457732
457511
457259
457238
456816
455978
455908
455755
455664
455469
455313
455276
455083
454434
454075
453436
453318
452606
452522
452061
452018
451992
451698
451555
449860
449516
449454
449319
448909
448316
447901
447800
447511
447503
447235
447201
447193
447173
447076
446925
446758
446583
446030
445980
445890
445809
445452
444221
444135
444070
444014
443665
443299
443179
442986
442956
442831
442738
441935
441793
441748
440909
440447
440434
440327
440285
439225
439217
438109
438018
437461
437393
437365
437309
437292
437088
436865
436055
436055
436020
435971
435932
435604
435297
435252
435162
435136
434894
434760
434452
434189
434177
434017
433891
432988
432924
432807
432319
432268
432126
432067
432066
432024
431560
431243
431163
431047
430971
430700
430613
430254
430053
429953
429876
429727
429397
428777
428542
428251
428092
427189
427167
426923
426581
426241
426083
425959
425691
425579
425495
425441
425403
425401
425295
424466
424022
423728
423537
423429
423395
422847
422813
422588
422091
421998
421892
421156
421009
420975
420848
420756
420727
420602
419949
419628
419561
419390
419317
418742
418498
418400
418023
417992
417858
417396
417292
417149
417073
417056
416941
416808
416702
416561
415553
415364
415329
415058
414090
414059
413966
413730
413467
413205
412805
412601
412559
412537
412371
412178
412170
412115
411810
411477
411357
410610
410542
410090
409307
409251
409100
408974
408890
408517
408489
408429
408230
408206
408203
407992
407549
407537
407494
407178
406940
406326
405871
405583
405175
405023
404638
404242
404186
403596
403399
403343
403202
403054
402863
402705
402232
401995
401766
401703
401398
400743
400723
400699
400163
400162
399870
399867
399392
398459
398418
398223
398095
397969
397655
397072
396761
396539
396305
396273
395777
395714
395572
395566
395517
395072
395056
394901
394671
394498
394110
394040
393606
393493
393176
392613
392337
392125
392038
391943
391231
391067
390763
390689
390627
390434
390079
390003
389399
389243
388886
388456
387968
387955
387909
387878
387701
387644
387641
387163
387031
386796
386779
386603
386439
385882
385833
385726
385627
385577
385498
385309
385284
385032
384976
384669
384581
384324
384283
384152
383801
383766
383735
383335
383275
383260
382873
382632
382511
382161
381641
381578
381310
381165
381161
380037
379129
378524
377863
377751
377676
377191
377189
377013
376761
376744
375842
375508
374952
374852
374651
374608
373984
373699
373088
372489
372467
372388
372180
371910
371848
371229
371096
370878
370672
370672
370545
370373
370354
370196
370177
369898
369685
369388
368885
368617
368419
368302
368006
367807
367774
367601
367515
367487
367390
367357
367273
367247
366858
366250
365927
365925
365377
365347
365240
365143
364956
364523
364188
364126
364076
363687
363308
362459
362133
362027
360967
360714
360108
360072
360056
359961
359875
359263
358416
358406
358241
358023
357642
357174
357023
356884
356390
355495
355351
355041
354777
354564
354458
353761
353658
353557
353032
353013
352429
351983
351902
351595
351310
350262
349971
349046
348699
347623
347601
347473
347420
347047
346972
346464
345775
345558
345330
345235
345101
344987
344821
344708
344043
343847
343714
343269
342672
342492
342319
342263
342177
341996
341715
341164
340968
340348
340227
339884
339638
339533
339487
339219
338851
338769
338743
338126
337889
337771
337741
337302
337293
337212
336897
336794
336719
335551
335229
334725
334440
334257
333893
333354
333343
333302
333025
332811
332610
332400
332381
332149
332086
331828
331663
331223
330954
330611
330437
330229
329289
328899
328885
328667
328454
328057
327896
327865
327323
327241
326840
326381
326333
326215
326212
326189
326165
325863
325551
325312
325165
324971
324788
324661
324269
324079
323512
323018
322840
322831
322632
322351
322257
322125
321681
321615
321440
321221
321215
320369
320334
319033
318887
318629
318186
318141
317799
317576
317466
317341
316634
316618
315938
315877
315727
315666
315540
315067
314911
314730
314517
313753
313742
313649
312699
312565
312560
312175
311899
311874
311859
311398
311354
311048
311011
310953
310877
310714
310676
310519
310404
310094
309814
309418
309394
309211
309095
308456
308386
308258
308130
308102
307864
307647
307140
307013
306513
306292
305584
305549
305390
305021
304878
304664
304658
304366
304030
303810
302696
302368
302107
301929
301339
301049
300871
300807
300725
300708
300498
300332
300136
299623
299260
299200
298969
298900
298873
298472
298107
297970
297817
297568
297541
296973
296958
296660
296630
296338
296197
295363
295339
295124
294805
294452
294331
293874
293772
293748
293535
293125
291422
291101
290870
289943
289779
289506
289489
289334
288956
288859
288617
288552
288427
288412
288169
288128
287762
287576
287406
286993
286889
286504
286197
285908
285745
285236
285157
284976
284659
284157
284153
284080
284076
284070
283945
283791
283584
283482
283387
282079
282019
281569
281285
281264
281094
281081
280153
279989
279724
279485
279475
279425
279189
278971
278913
278902
278719
278559
278452
278077
277255
277077
276750
275590
275545
275405
275099
274906
274756
274141
273978
273885
273662
273623
273456
273254
273099
272199
272165
272068
271953
271893
271699
271268
271202
270551
270247
269866
269741
269587
269283
269250
269154
269042
268854
268327
268107
268039
268023
267392
266745
266331
265911
265727
265639
265516
265406
265315
264490
263539
263227
263082
262583
262511
262232
261902
261805
260984
260434
260357
260107
260101
259854
259800
259569
259393
258883
258172
258153
258144
257958
257814
257707
257660
257575
257409
257029
256895
256694
256157
255239
254364
254337
254188
253326
253084
252838
251872
251509
250520
250431
250368
250322
250291
250252
250248
250185
249381
249327
248983
248940
248621
248388
248251
248219
248063
247736
247545
247503
247502
247324
247307
247199
247175
247164
246907
246601
246461
245784
245702
245573
245531
245408
245360
245284
244972
244902
244848
244295
244294
243994
243805
243581
243379
243107
243089
243078
242993
242622
242441
242051
241683
241650
241095
240664
240347
240150
239709
239648
239346
239254
239199
239006
238947
238655
238611
238444
238413
238077
237739
237312
236622
236253
235874
235655
235017
234913
234714
233582
233365
233265
233165
233101
233036
232760
232685
232238
232230
232202
231812
231771
231462
231231
231228
231033
230507
230446
230356
230041
229781
229465
229069
228846
228751
228562
228232
228129
228053
227909
227739
227636
226978
226828
226705
226702
226287
226183
226105
226038
225865
225795
225642
225042
224853
223524
223279
223249
223007
222832
221571
221548
221475
221308
221135
220718
220171
220160
220116
219912
219766
219302
218601
218271
217976
217740
217234
217231
217188
216611
216290
216235
216095
216077
215934
215886
215263
215075
214991
214818
214678
214534
214186
213753
213664
212905
212705
212490
211636
211559
211192
211113
211073
210804
210749
210629
210629
210559
210326
210312
210295
209937
209800
209740
209607
209454
208871
208487
208413
207387
207136
207054
206648
206527
206323
206294
206137
206016
205917
205737
205305
204602
203544
203335
202903
202817
202623
202531
201943
201714
200721
200674
200228
199743
199042
199007
198389
198264
198061
197541
197504
197470
197277
197022
197008
196959
196538
195985
195831
195824
195737
195500
195264
195177
195127
195052
194950
194921
194898
194772
194767
194756
194504
194499
194189
193884
193875
193671
193614
193577
193509
193418
193406
193358
193260
193194
192962
192715
191944
191805
191506
191261
191129
190767
190505
190482
190414
190343
189540
189378
189317
188928
188895
188723
188682
188607
188354
187797
187400
187399
186635
186573
186482
186225
186110
186032
185975
185955
185879
185605
185474
185318
184123
183964
183778
183596
182719
182702
182425
182125
182073
180366
180317
180298
180099
179916
179658
179608
179205
178781
178638
178297
178261
177450
177446
177404
177065
174304
173925
173918
173650
173483
173376
173247
172704
172689
172249
172142
171734
171672
171312
170894
170467
170339
170259
170160
170160
170002
169989
169457
168929
168903
168107
168032
167995
167851
167810
167259
167191
167054
166886
166880
166737
166682
165821
165742
165518
165515
165472
165225
165031
164384
164017
163862
163814
163501
163448
163270
163162
163113
162954
162928
162854
162799
161685
161617
161488
161471
161364
161244
161186
161113
160851
160633
160304
160237
160214
160185
160098
160094
160034
159818
159445
159121
158806
158523
158034
157573
156760
156446
156409
155694
155581
154908
154588
154563
154511
153855
153200
153037
152711
152548
152344
151939
151657
151294
150898
150878
150572
150459
150428
150263
150191
150067
149912
149560
148262
147750
147587
147563
147503
147191
147083
146798
146769
146493
146188
146151
146146
145456
144863
144701
144689
144407
144103
143998
143984
143738
143656
142789
142222
142060
141846
141683
141678
141667
141493
141269
141173
139651
139231
139056
138945
138599
138564
138304
138132
137874
137762
137548
137546
137479
137459
137362
137276
137072
136917
136771
136519
136065
135588
135459
135420
135328
135026
134379
134277
134129
133938
133607
133369
133016
132870
132519
132142
132072
132070
131980
131711
131080
131020
130942
130866
130671
130465
130303
129952
129473
129242
129170
128885
128315
128290
127839
127738
127666
127391
126306
126142
126109
126097
125995
125986
125647
125589
124882
124740
124720
123392
123210
122497
122429
122358
122273
122064
122052
122005
121945
121836
121758
121538
121149
121136
121089
121030
120748
120402
120359
120345
119713
119240
119052
119049
118601
118396
118239
118040
117660
117407
117371
117038
116423
115568
115423
115364
115276
114796
114736
114391
114274
113424
112415
112103
111743
111594
111507
111383
111225
110432
110431
109910
109792
109787
109758
109702
109013
108809
107527
107307
106975
106929
106803
106577
106184
105727
105499
105213
104996
104754
104566
104051
104032
103979
103696
103680
103607
103502
103174
102861
102451
102339
102066
101931
101625
101528
101502
100893
100710
100278
100231
99789
99678
99134
99112
98946
98240
97846
97841
97512
97479
96504
95771
95581
95231
95126
94062
93962
93894
93616
93102
93056
92620
92515
92435
92302
92124
91943
91909
91447
91336
91330
91146
90129
90091
90064
89625
89601
89156
89091
88780
88305
87453
87372
86835
86666
86247
86165
86105
85683
85611
85393
84912
84237
83919
83881
83646
83323
83131
83117
83070
82575
82489
82385
82229
81852
81818
80859
80824
80569
80003
79842
79503
79502
79343
78982
78419
78403
78403
78246
77453
76765
76734
76525
76352
76213
76064
75423
75385
75335
75256
74950
74805
74708
74501
74415
74390
74292
74077
73981
73882
73380
73304
73191
73186
73154
72810
72430
72368
72053
71994
71953
71807
71683
71559
71254
71221
71023
70823
69907
69625
67552
67470
67389
67192
67054
66948
66143
66138
66060
65640
65573
65510
65143
64574
64385
64091
63086
62748
62541
62535
62499
62001
61651
60666
60638
60589
60173
60145
60116
60037
59951
59629
59597
59265
59228
59105
59035
58759
58657
58383
58114
57878
57717
57293
57245
57082
56811
56780
56538
56101
56026
55889
55853
55678
55590
55357
55038
54337
54270
53785
53466
53454
53055
52932
51866
51535
51527
50980
50923
50898
50406
50312
50293
49971
49830
49804
49629
49285
49111
48861
48739
48703
48335
47945
47934
47649
47012
46716
46102
46052
45995
45980
45597
45449
45326
45326
45272
44541
44460
44106
44012
43778
43310
43256
43229
43115
42789
42738
42331
42211
42189
42177
41948
41797
41718
41713
41532
40920
40313
40049
39558
39490
39361
38688
38403
38356
38331
37531
37418
37039
36814
36127
35708
35704
35446
35239
35239
35228
35053
34940
34597
34398
34324
34128
33781
32783
32759
32694
32346
32165
31181
30462
30256
29947
29816
29509
29210
29051
28905
28786
28156
27831
27791
27668
27302
27103
27071
26878
26676
26599
26437
26417
26347
25767
25414
25139
24914
24797
24371
24130
23528
23335
23197
23171
23105
22945
22778
22380
22301
22133
21975
21941
21676
21664
21205
21176
20981
20780
20754
20532
20451
20323
19888
19863
19061
18732
18555
18400
17960
17916
17848
17688
16746
16357
16338
16305
16286
16205
15725
15456
15383
14885
14816
14783
14738
13730
13537
13243
12188
11536
10605
10386
10332
10039
9985
9615
9500
9111
7963
7924
7868
7393
7313
7224
7028
6806
6136
5622
5534
5096
4701
4068
3993
3949
3911
3864
3820
3738
3641
3620
3312
3216
3162
3079
2860
2751
2487
2242
1201
479
285
36
0