45449
191944
299260
59105
473860
898967
938841
871131
516030
312560
703846
387031
903088
487775
402863
410090
767831
83131
795454
659610
434177
106929
642590
904369
59629
827785
50898
518121
390003
629503
204602
805222
342319
239709
870575
896320
194950
325165
3216
734211
916166
716664
598809
401766
564283
299200
740432
275545
405583
838881
79503
221475
727964
862210
146798
136065
440434
193671
813796
6806
132519
845680
538453
386439
60116
905932
983548
615249
499409
403596
388886
528249
240347
637809
470969
163814
332400
981215
370672
912493
191506
883684
566370
337771
993333
238444
364956
25139
988478
49629
971896
655928
869320
356390
770280
284070
281264
460439
440909
813767
31181
311011
91336
138599
429876
588411
968516
949045
832500
440285
536750
447193
232230
855811
362027
110432
412805
34398
141269
391943
993452
322632
669039
838172
679396
329289
424022
404186
868746
82385
10605
881385
122429
983365
571922
842548
82575
889022
286197
358416
761341
614775
463200
57293
437461
976408
343269
416702
766189
278559
229781
860137
638429
74805
916775
242993
528209
758356
979330
260984
141683
135588
773658
716960
838786
540086
165821
158806
592916
596871
586702
432126
608417
161685
15456
997236
309211
953387
501173
333354
610152
353557
142060
315540
893622
507435
477913
162928
840923
143998
668884
907573
889470
302107
315727
645279
568659
394901
689091
579436
221135
120748
230041
708059
281285
37039
83323
500608
676508
882622
585272
491260
610380
21676
312699
800114
211192
846110
304878
458120
936454
126109
592325
455083
999125
258153
279475
874384
111743
484141
109758
74415
532785
355041
387641
103979
897775
679423
825541
23335
226287
413966
3738
675976
791124
656698
445452
285908
194921
540079
315067
878941
485583
576254
216077
887269
537637
513003
608812
21664
663460
132870
800075
378524
542986
574146
445809
170339
744763
365347
904864
512481
437365
239199
383335
746028
5534
585898
723079
990009
994000
668383
210804
341164
836631
746247
433891
121030
481742
825136
59597
214991
937963
32165
750100
100893
210295
417292
841813
112415
593544
163862
856618
79842
65510
202903
265315
804671
193884
99789
670681
711523
183964
572210
71254
566745
614608
681637
238611
243107
437292
717648
343714
325551
628291
84912
814466
455469
134129
384976
906086
914769
250185
796879
363308
516943
764177
589158
495556
553310
133938
822947
794523
373984
533869
550581
60638
670015
898409
135420
827560
754261
56101
371229
300725
584062
481911
908985
500778
837901
331828
212705
147191
613035
798489
872633
865533
819081
897862
14783
484984
542211
195831
439217
554883
856267
282019
890707
444221
516913
501611
604786
741437
935536
950950
898269
915273
132070
271893
258144
87453
163113
824923
457238
11536
836350
918676
767150
305390
521305
869213
719607
693621
744833
516951
211636
566535
120345
188895
397655
79343
434017
653399
777668
940670
12188
419561
95771
249381
771786
851042
210629
965807
275405
899342
663717
412601
979030
724609
337212
730687
782910
144407
336897
524140
298900
17960
119052
661816
111507
55038
357642
376761
300871
901189
967159
368617
39558
686577
410610
130866
697364
155581
367807
291101
3162
824911
796608
400162
672557
990499
642765
993612
952865
948918
662387
864399
990718
966406
210749
664765
225795
984250
459792
337741
360056
646821
392337
43310
233582
594389
435252
438109
973770
18555
691595
340968
211073
398095
526714
899866
593328
517499
146188
548778
295124
70823
985494
800112
912755
446758
392125
93894
233101
154563
583576
57245
145456
735534
401703
122273
4068
782488
635521
58114
822922
34940
393606
395517
716471
50406
937496
430613
796103
758124
629700
750046
932524
675124
383735
914282
486412
876427
59035
728698
180366
99112
540229
193614
324661
664290
860396
289334
732958
505401
699322
91447
76064
103680
703079
263539
795352
478885
943929
597956
357174
763073
700068
234714
548336
593451
566566
118396
250248
561308
447076
838203
141493
183778
62499
447201
173376
365927
793635
822618
566943
250252
137276
811866
71559
787276
197008
154908
729672
288169
293125
190505
279724
807381
311859
411357
390627
100278
550535
125647
616623
838221
276750
948553
790075
200721
716888
24371
301049
659952
119240
238947
504899
513405
562466
103502
428777
679498
685938
393176
381310
830876
775598
335229
428542
380037
727602
218601
547861
225865
933707
870440
742943
741182
628155
609666
310519
655600
692846
808837
254188
878789
114796
342263
35239
208871
676319
802531
974382
601074
882115
967775
283482
981645
758459
628260
551693
921127
509055
613938
548245
842157
854723
231033
724467
456816
547791
48739
432067
296958
284976
339638
286889
262511
443665
866927
197504
640535
767624
195177
278902
666930
287576
662697
639811
709116
87372
843244
636860
164017
862365
206323
919174
707472
819170
183596
841011
560459
943209
950802
92302
833932
994051
226702
279189
206527
758018
609125
657105
424466
232202
326165
265727
216235
817846
839677
243379
981371
707310
187797
993649
823860
988813
30256
979987
101502
532438
535259
923732
672266
729218
451698
495183
317799
10386
879734
425403
618003
104566
257575
538867
250322
486662
676225
698260
561965
425401
838232
220171
481943
602934
877010
984282
612192
793430
554931
358241
301339
484282
576203
250291
634869
471826
479067
494172
838177
955162
867458
594940
596022
992116
596658
447503
243581
167995
219912
703674
231228
168903
938656
469076
950961
577247
613964
215886
582724
499913
686964
986411
936008
566239
699374
583095
148262
415364
809085
873811
564370
467822
188354
345775
514140
102066
514655
742638
209937
233036
89625
900101
62535
993234
138132
743113
991747
232685
674094
170002
714445
733351
925585
365240
437088
593596
616869
35446
777042
283584
408206
163448
188607
384669
881225
243089
370672
417073
808920
614882
300136
80003
926246
666086
43115
940826
652815
862011
149560
738763
353013
425295
694471
121136
539446
873809
394671
275099
646545
220718
170467
799296
463086
238655
19888
382161
460617
521176
297541
152711
551352
455755
751184
821726
664319
76352
95581
644325
497107
681238
984643
599495
239346
152548
435932
939037
38356
474817
761711
636981
721904
641711
436865
574229
886961
331663
273978
838978
413467
248251
775582
55678
953184
839473
738018
962128
561641
22133
925034
385032
469637
407992
920748
455664
425441
625777
602478
180298
412371
920864
621452
126142
376744
791271
35228
73186
889694
584353
794666
540884
877087
73304
714260
945119
246461
702105
298107
633442
279425
838312
154511
459101
960609
772405
7868
918446
794813
384152
699763
213664
717089
421998
545487
367247
464203
21176
78419
860364
941041
373088
426923
488713
586511
550800
247545
105213
566233
245573
823684
607447
133369
590289
404242
201714
673627
274141
114274
843187
892121
653279
935362
281569
230356
399867
805741
582814
32346
691024
367774
917984
602070
360714
386603
510264
992384
351902
409307
293535
150428
812868
844228
244972
574085
15725
334257
901217
82229
257409
678418
59228
103696
801010
544068
519971
78403
664464
83646
517622
651499
665492
565083
115423
273623
896220
838472
485681
674277
644169
592093
249327
267392
734823
764606
426083
304030
40920
330954
128885
650749
146769
571730
824428
785037
636734
978591
104051
544859
395777
555629
928600
678129
920339
353032
603684
393493
663356
129473
55357
581152
723039
479556
884346
111594
64385
794166
3079
964316
914872
131080
98946
526746
913729
924110
831216
765351
572729
273456
682710
239648
975462
860051
980834
933823
173918
130671
310676
597558
509612
883336
550500
909274
465661
678630
146146
455276
52932
432807
795527
97479
926487
693708
759344
763042
859128
994235
729535
747278
323018
385627
404638
328885
949605
41948
784993
974847
477358
186225
394110
719262
713594
924314
754837
34597
684699
236622
476874
442738
373699
313742
877474
309394
947441
990449
829738
867193
674380
685165
224853
678200
86165
138945
849885
217740
756816
908315
987025
829658
297568
914140
566567
470840
265639
29051
24797
593924
47934
884531
574295
125986
759588
675708
194504
179916
312175
527701
827733
902156
799170
550088
698073
60145
783465
495711
724809
127738
107307
285236
782168
763935
51527
354777
634997
700784
906179
723190
326333
449860
344043
598317
961327
857867
387968
590747
150191
842092
490462
51535
436020
342177
431243
852088
208487
288427
753871
952026
933646
609736
833642
332610
870096
400699
162854
720683
432319
513191
992246
228232
630430
371848
614516
137548
914946
7924
413730
141846
21941
26599
711513
970015
207054
718983
479616
897984
149912
776520
76734
759835
60173
452522
262232
289506
440447
530396
685939
321681
619080
559758
975538
958451
274756
533322
742414
178297
365143
629823
403202
261805
822752
689951
294805
613654
479
563482
914584
481418
170160
202817
878924
447901
838076
994408
250431
29210
999821
630957
655226
527193
625765
697775
576329
330229
987987
33781
550591
435162
508935
887140
960586
218271
431163
774381
954847
319033
934413
757139
648320
970879
398223
585949
751524
49971
545920
507505
242441
635932
558204
109013
846011
792471
141667
395056
991948
388456
100231
7028
286504
671021
44106
637663
58383
571722
399392
984398
432024
308386
206648
196959
589393
153037
147083
355495
577498
216611
129952
172249
457936
442986
905664
336719
754333
993046
192715
766459
795168
676197
460840
490150
748270
538186
407178
673902
890977
330437
592402
724585
563493
908173
366250
98240
231771
749660
811547
343847
364523
740527
694430
417149
784379
195985
558951
382511
203335
375508
390689
377863
785875
631976
274906
477675
782225
58759
83070
421009
449319
996493
674161
708086
914082
759433
394498
64574
721692
620987
571051
429397
621984
906158
346464
619546
454434
689215
86105
54270
419949
675052
611664
593165
923267
49111
572019
608240
408974
742974
452018
914618
310953
954225
783884
512761
485309
940979
525185
420975
846729
615611
273099
233165
757311
692274
419317
559870
411477
300498
472646
905142
730866
96504
194756
231231
549173
719881
305549
954983
297970
19863
389399
130465
571006
106803
26347
830547
966361
999592
899294
229465
518103
235655
199007
731476
557188
166737
78246
868604
269154
207136
643628
741101
397072
556449
946991
988121
562150
78982
22301
220160
125995
547851
831308
626407
607062
144689
49285
961495
214186
287406
73981
705974
419390
63086
430700
459725
926993
602445
107527
853107
16357
602908
773334
37418
573318
627226
597364
587068
623194
539673
942411
814753
6136
103174
836273
466257
324269
682112
346972
160034
474344
232760
577378
13243
168107
28905
698494
132142
296973
719616
241650
769688
622995
440327
871856
784558
466930
511119
921715
849238
652997
228129
566116
182125
403399
217231
28786
559520
248940
195500
431047
971843
197470
515111
66948
126097
698341
147587
503421
422847
495323
593681
342492
14738
447800
434189
641615
252838
602070
595394
932221
620688
462845
657007
474267
26676
555621
747055
90064
408429
597818
269042
892389
165031
362133
866004
685152
623785
718139
524405
700698
693946
561631
953127
302696
563744
851616
645846
132072
834906
366858
186635
288859
455313
847567
615409
539147
762435
518834
582758
21205
398459
697999
49830
692488
633335
474298
598580
555993
931805
441935
650790
880336
386779
136771
206294
314517
575699
123210
857121
69907
459131
432066
494211
598585
457511
385498
502579
174304
501418
924180
452606
2751
336794
874243
464266
76213
636998
554364
247503
233265
143738
949905
976744
612875
644200
507510
678158
472158
697807
193875
751929
347420
858517
171734
61651
496040
499387
749221
41718
797315
89601
2860
191805
491230
153855
45597
236253
922854
696276
730901
563950
47945
978337
354564
71953
470151
44541
733495
636229
257958
101625
592438
873120
270247
74708
416561
127666
45995
339219
938960
85683
961288
347473
491637
453318
293748
704452
160098
223007
619032
558036
57878
387909
454075
898385
288552
978632
789581
560134
642082
427167
847762
381641
708428
902913
385833
194499
121758
497560
279989
544338
741940
874500
888093
165515
896920
490269
721319
552896
874160
505916
315666
326381
210326
830008
973846
198389
117371
283387
965382
895205
106577
341715
135026
397969
326840
182425
990846
160304
806480
589280
418498
18400
212905
936212
929690
289779
160851
631419
189317
20780
4701
519566
295363
596885
762252
235874
474708
901550
511708
311899
127391
676490
179205
513986
374852
610171
248219
668360
444014
317466
742971
996347
688011
141678
691452
499308
144103
598627
923079
969285
134277
609894
296338
952216
253326
9985
464885
27302
604029
895991
495192
36
186032
671817
807002
706652
685324
610560
579391
279485
781485
682519
381165
75385
326215
40313
629172
729947
553142
814041
828145
111383
467782
909758
76765
9500
529782
120359
698059
955891
639043
995833
1201
298472
367601
414090
543115
308130
610500
891716
868668
320369
814912
354458
18732
881635
301929
934320
873743
142789
91909
555980
929369
991969
661813
310404
446583
247324
826921
25767
799528
42189
707021
412178
210629
641474
368885
719994
461172
631625
184123
442956
97841
585669
241683
715829
958484
412559
472755
116423
979973
794760
566066
628763
325863
283791
328057
161617
470079
90091
955292
104032
385726
151657
713539
20532
45272
777992
852838
976309
802341
42789
257029
704621
616681
250520
275590
318629
593247
843440
356884
402232
862301
782497
867403
511061
641542
321615
432988
137459
133016
105727
66138
228846
749470
335551
705933
662491
429953
853742
338851
408230
131711
29509
853145
460613
587686
969873
455978
888194
796959
729078
722115
245360
818019
345330
748651
736584
799745
603552
499574
605223
387955
65143
451992
396539
123392
764066
296630
513238
777796
268327
304658
121149
0
588382
240664
171312
709672
568476
89091
311874
239254
387701
745652
589061
43256
189540
437309
534813
102451
23197
529466
632337
757070
104996
482746
682156
683358
485072
688972
993883
506966
812263
551627
841321
191129
9615
543776
157573
36814
641072
534083
296197
227909
5096
434760
473135
753735
888540
158034
622800
512038
443179
543501
324788
893693
417992
422813
947753
513733
718696
565556
999310
944616
743740
603525
24130
36127
698760
406326
124720
308258
194189
509388
317576
64091
47012
407494
839890
836748
298873
805171
977140
420727
447511
309095
171672
490854
907605
570243
415553
741572
436055
182073
16338
333893
775562
850173
744830
592688
88780
428251
628269
383766
60037
372180
677115
208413
195127
194767
53454
892991
807276
624765
812403
390434
846330
599689
750879
644491
220116
659684
436055
215075
150263
697253
328899
474780
879077
244294
307013
326189
668374
242051
874657
866350
549339
681812
309814
545493
792759
519911
545175
737904
850687
264490
664248
589630
934874
643338
868018
646829
226828
580360
754007
753882
122005
73882
246601
600573
367487
826036
422091
607234
768623
231462
577987
801268
392038
371910
684293
185605
272199
754631
268854
295339
135459
553117
111225
669638
498093
457732
296660
74950
807688
598986
687879
959794
543225
634486
383275
722921
726477
327323
539430
223524
711617
2487
271953
167054
144863
609096
994122
507080
95126
121836
322831
874772
422588
92620
90129
611878
576422
531822
347601
666424
300332
182702
943190
643629
761236
387644
705366
412170
151294
182719
548831
954640
221571
406940
256895
447173
528644
350262
504690
849320
216095
228751
333302
750067
628988
435971
618614
770195
431560
936910
700974
207387
371096
409251
347047
420602
654881
553809
214534
560912
173925
187399
470325
744038
739257
587155
153200
988971
401398
260434
475415
551433
740771
285
586843
509911
231812
256694
894461
900678
882680
525154
195052
248983
245702
390763
332149
879837
818088
250368
7313
644407
995159
85393
408203
815451
982748
81852
767596
989944
55590
86835
891550
929730
200228
703835
479981
675364
56780
848342
659410
541344
648875
632349
803949
607070
201943
177446
408489
871946
983482
38331
53785
420756
718872
771990
3949
951857
435604
816347
770305
797433
475314
237312
245284
442831
119049
719510
700135
161113
402705
713610
293874
467948
982301
444070
757288
137874
613233
796383
691786
30462
561113
353761
160633
225642
538630
396761
924728
832304
663150
758276
193418
496589
79502
185975
524136
637353
630123
754660
209607
34128
114391
684354
997692
222832
839133
496984
812935
199042
842329
887932
288128
390079
559245
719367
10039
124740
173650
312565
254337
531332
465794
121538
597618
17916
475129
199743
260101
367515
975244
71023
239006
809170
940587
561108
876522
435297
791796
596306
95231
650980
24914
600324
973650
679650
461735
661520
698237
22945
598180
302368
166682
737785
551318
892017
169457
243994
470751
569273
643015
542503
629517
859475
589286
80824
735078
494009
789871
643556
917763
965737
585551
831011
370545
791345
962090
953475
93616
809443
710121
3864
967051
150572
539352
365377
728544
559856
185474
118601
527540
129242
553475
996768
38403
262583
725437
163270
167191
83919
957889
206016
377013
345558
696729
351310
606378
931772
849433
54337
278971
27071
22380
712804
996148
221308
825414
91943
598964
976589
732194
752222
837251
967094
872940
305584
101931
84237
130303
384581
27668
133607
210312
266745
244295
16746
475479
960707
257707
738272
908287
170160
495931
32783
513902
549397
238413
468243
403054
59265
269250
901597
200674
285157
788793
17688
251509
23528
797914
115364
104754
193358
730480
630380
93962
815251
370354
166886
66143
691917
637211
940238
966607
921677
449454
585151
630010
337302
769225
508551
395714
197022
845746
884332
161244
571473
472000
294452
783343
269741
689950
333025
283945
318887
967869
706803
324079
425579
514899
284157
553525
811210
602084
535941
310094
585333
784625
504855
935328
715123
526810
265406
572527
859914
215263
407537
797143
597160
211113
645087
100710
650059
307647
574471
662245
557875
582502
929503
268023
707871
957339
873433
284076
979943
653132
943343
385309
546757
269283
941989
468717
555388
815580
773632
384283
722737
425691
686912
839333
179658
744044
818346
26417
797129
618747
942685
512630
666930
74292
172689
715074
819425
846314
671204
863485
508992
284080
190767
497476
942939
698164
368006
661058
938404
965039
50293
299623
399870
737723
686803
891807
73380
880178
943226
919981
322257
948579
606624
479951
337889
724475
578936
578017
341996
894905
983895
189378
391231
864498
870670
574015
165742
101528
779221
308456
477372
420848
777459
156409
315877
294331
326212
700004
226183
193509
511303
266331
42177
395572
57082
65640
324971
305021
569440
740733
568596
62001
316634
349046
367273
556315
197277
911406
578982
864251
913683
937109
344821
48703
23171
327896
813704
594477
632879
423537
740987
845268
29816
91146
967507
226978
568645
648913
863605
364188
610340
71807
723228
787201
732263
161186
20981
911280
659838
907517
35053
537732
491331
758886
567087
314730
929191
668390
992587
840874
172704
661827
448909
931973
841076
929857
512798
374952
511547
672929
93056
42331
978087
32759
765546
484391
530492
170259
747751
817988
106975
446925
405175
528801
159121
875218
563812
215934
26437
571238
375842
736613
583970
342672
479504
307864
465155
740291
525512
452061
923305
810037
472190
423395
516491
237739
699657
190482
42738
317341
517131
232238
288956
349971
159818
205737
223249
372467
119713
434894
872582
855452
10332
160094
72430
502651
956404
655006
425959
3993
555203
682323
332811
489830
147503
321221
460852
608385
161488
824841
473101
27103
819930
523590
607471
829342
635917
559421
143984
661660
720346
573862
912272
377189
886464
71221
590355
416808
846147
948955
675053
976387
418400
887979
884789
7393
696317
263082
852969
271268
88305
747336
62748
706830
675278
922083
430971
589135
80859
382632
245408
767582
35704
682450
165472
152344
384324
852951
559604
353658
526238
188928
926808
685919
467340
160185
473292
211559
692537
170894
150878
203544
510300
219302
226038
810761
711600
979049
829574
776399
595635
141173
293772
463061
896866
21975
990537
752465
273254
80569
752328
396273
221548
143656
553671
782779
15383
510775
859947
622609
444135
903760
603956
103607
74390
971275
979848
339487
437393
694454
772560
370196
872083
270551
227739
901033
531272
904866
118040
29947
548708
549945
645526
110431
795101
27791
20323
630350
27831
568892
468665
330611
202531
357023
920867
416941
828224
247199
919053
570945
956133
983795
572091
521984
950026
344708
161471
706464
370373
474165
163162
637769
505009
163501
269866
645335
288617
463378
314911
193260
268107
758853
506622
698636
385284
515337
567764
852562
534091
178781
45326
137479
520575
323512
65573
950232
42211
948033
259569
999819
795979
590811
914268
289489
500588
491146
245531
86666
583418
502797
363687
595901
55889
146493
28156
387878
558787
579816
430254
154588
358406
925536
62541
994599
379129
524371
856452
700394
82489
477166
78403
542302
529065
14885
678535
334440
51866
185879
99678
991771
966463
763305
369388
445890
882275
761756
501578
321215
419628
685245
670543
987575
131980
25414
85611
465661
961559
682962
58657
925263
286993
875921
284153
474971
265516
878154
808437
519532
53055
412537
322125
196538
929918
265911
446030
977125
637496
680841
483514
334725
543346
791387
352429
425495
598438
496924
162799
438018
365925
906786
395566
629363
950972
905355
121089
721053
445980
362459
83117
137072
340348
552356
698484
575277
392613
306292
115568
645495
785989
725481
455908
121945
787396
20754
188682
632568
75423
575413
504722
112103
258172
81818
359875
485926
46716
542087
506251
311354
7963
888001
50980
439225
801481
125589
257660
890919
338126
819124
93102
410542
248388
427189
735090
547966
604263
345235
897714
834449
926015
645088
586321
564451
198264
979696
758689
598700
710098
680408
951615
193577
56811
46102
500964
716857
780676
479046
985594
306513
486201
712315
873672
206137
722302
609191
794901
164384
965112
825044
957342
913091
127839
180099
773874
732004
377676
718453
273885
482517
247502
535055
67192
629598
418023
479655
48335
835414
321440
243078
150898
867172
985152
259854
811361
339884
395072
947555
281081
657955
865580
514135
916048
556289
251872
16286
832198
477772
396305
830289
381161
281094
246907
711010
50923
927871
545652
972972
928281
659133
930548
139231
819361
394040
979000
612194
7224
67470
801007
865753
225042
510353
994279
374651
311398
178638
256157
417396
230446
308102
421892
747043
991424
794200
214678
216290
751621
351595
413205
185955
531682
546027
386796
158523
417056
156446
782531
309418
193406
781796
955004
385577
255239
210559
160237
223279
60589
311048
909752
559058
477067
708749
749130
992025
177450
942954
778948
109910
303810
26878
870634
523338
161364
689662
681412
458517
417858
188723
48861
743246
117038
300708
212490
985115
45326
471359
491108
238077
729558
471215
337293
464206
868447
327241
942803
534304
291422
820552
69625
520296
727173
583105
202623
742889
226105
788076
147750
407549
512442
244848
122064
67054
654652
583393
447235
106184
71683
935278
453436
72053
619314
318186
331223
529583
890090
913686
594283
20451
734975
937020
671864
39490
683262
338769
168032
694626
609616
906997
791323
118239
599159
583368
703022
635875
688023
797856
951024
67389
770802
907028
571071
408890
77453
691327
73191
377751
758359
870749
859821
931588
261902
44012
647813
912673
833954
760526
882226
931079
248621
641855
613800
137546
248063
790093
916636
122052
877066
992571
937364
185318
756946
950486
691649
981191
339533
832556
359961
325312
41713
254364
669223
108809
520039
348699
247307
660264
17848
891743
408517
117660
996275
41532
923008
47649
820608
415329
979749
400743
523034
300807
622093
554276
115276
706934
650692
885205
14816
411810
872081
913936
823320
369685
818498
209800
272165
505077
592595
911081
505423
547923
75256
664258
986968
287762
432268
443299
126306
543696
876989
451555
887058
97846
728668
268039
97512
902641
136917
271699
614449
304664
498227
258883
282079
474637
761679
482895
178261
695804
687292
725841
922090
923946
666299
502653
498633
880669
797501
729533
681676
491945
226705
160214
628818
937533
217234
463248
609555
195264
432924
53466
561673
278719
569160
785240
234913
137362
501771
828344
994495
735506
871922
328667
355351
400163
194772
711633
139651
219766
19061
728899
150067
344987
990178
288412
690703
405023
503956
676411
978722
663865
887384
989191
340227
209454
893898
105499
994103
259800
561516
948458
865702
749783
777729
772296
651788
198061
109787
719254
298969
273662
277255
13537
882636
429727
333343
367357
931146
241095
313649
316618
475427
886976
49804
60666
75335
502302
74077
391067
278913
992095
194898
739011
860545
704033
809278
147563
930045
949738
699735
469024
464903
510313
500079
430053
40049
580367
280153
952440
191261
691981
272068
278077
368302
738887
374608
56538
540541
762957
260357
86247
936518
230507
572824
565772
898043
944000
937360
187400
690167
513844
893601
217976
195824
753085
812183
482692
635210
23105
818322
217188
99134
322351
434452
930935
72368
909814
122497
570205
806048
502086
109702
908800
957576
307140
177065
678361
38688
742708
205917
186573
560885
528467
793929
568626
582896
428092
984305
862817
214818
621701
978416
713104
624434
635129
596155
933225
89156
924087
345101
128315
776469
124882
43778
359263
173247
783855
387163
3820
109792
481823
982885
824082
120402
786954
426241
849951
845885
887615
664383
405871
5622
602513
290870
627714
912782
3312
83881
858238
933111
368419
984286
3911
701531
55853
902583
138564
50312
358023
726219
403343
787470
515599
888181
92435
360072
167851
412115
16205
372489
662686
381578
992653
598317
755556
609006
754948
907305
573091
776195
833859
114736
720038
310714
94062
66060
271202
947852
122358
177404
156760
642456
868374
823770
383260
600954
377191
724015
3641
91330
34324
313753
35708
92124
448316
715134
574387
939607
102339
260107
807613
765061
833540
165518
59951
509833
702049
590468
980776
512810
45980
765783
942020
681151
16305
389243
816586
924728
687984
616980
677964
850367
637753
39361
955996
643570
776497
137762
961257
809782
150459
360108
179608
563814
760726
209740
846255
499798
92515
518595
369898
865765
688028
632964
364126
347623
950794
970383
920456
457259
418742
144701
620658
398418
166880
999250
792544
400723
421156
468106
9111
315938
2242
243805
847139
259393
190343
415058
601234
769464
43229
235017
193194
711042
577521
760566
788004
244902
228562
173483
167810
142222
844152
46052
738907
367390
890884
518107
698519
480995
711100
135328
351983
588732
805442
414059
574611
985963
538008
988628
582885
423429
195737
709682
67552
938455
327865
903989
159445
190414
809402
956784
165225
192962
162954
719995
409100
593405
213753
277077
285745
563782
370878
631640
304366
696543
383801
771121
134379
227636
229069
608146
37531
521977
284659
875342
674020
822948
449516
906797
900579
646951
542366
131020
278452
240150
3620
385882
139056
712445
633914
138304
860996
245784
675948
656924
667308
634150
524292
364076
322840
574874
981473
860381
660461
603169
905003
706464
557288
632055
570418
57717
71994
933091
233365
32694
658422
872919
473548
634373
441793
151939
247175
976201
167259
129170
56026
382873
113424
468909
957337
426581
927563
441748
886722
136519
41797
878329
186482
186110
169989
963342
146151
155694
901177
172142
320334
332086
536088
529396
724957
834056
909162
242622
289943
963366
615679
682507
197541
130942
247736
253084
332381
975094
984101
360967
965817
228053
824773
629220
44460
478332
918052
914503
168929
725196
318141
677697
699206
977589
981467
102861
717427
714909
263227
257814
423728
897119
939544
128290
904978
22778
338743
459710
696764
516017
74501
117407
985112
310877
777256
401995
489354
372388
912004
72810
777337
790183
651899
810698
839290
205305
297817
560494
435136
13730
269587
852847
588479
561754
914675
684686
962507
966257
577777
517409
814672
328454
73154
794769
830927
180317
76525
696067
247164
497675
35239
370177
872132
984579
722438
567958