8
540
823
964
1391
1542
1787
1806
2220
2249
2433
3011
3156
3635
3806
4143
4228
4252
4396
4418
4445
4632
4729
4982
5336
5378
5390
5446
6031
6230
6348
6359
6396
6419
6463
6626
6661
6858
7145
7294
7330
7424
7920
8237
8829
8914
9274
9504
10067
10178
10394
10540
10643
10722
10996
11031
11068
11127
11149
11500
11543
11747
12916
12927
13391
13483
13514
13744
13848
13893
13898
14006
14046
14230
14906
15312
15368
15572
15848
16196
16249
16385
16566
16590
16728
16754
17161
17269
17444
17549
17608
17685
17688
17787
18162
18232
18666
18699
18922
19159
19160
19227
19399
19427
19459
19530
19556
19788
19811
19932
20158
20309
20314
20498
20722
21202
21279
21293
21367
21396
21489
21628
22192
22339
22539
22684
22692
22848
22940
22980
23165
24049
24295
24477
24681
25144
25599
25694
25920
25921
25985
26266
26372
26465
27208
27524
28303
28483
28644
28808
28823
28891
28935
28988
29183
29197
29296
29561
29611
29962
29987
30079
30324
30446
30519
30560
30659
30750
30770
30956
31077
31083
31195
31214
31279
31351
31488
31609
31642
31646
31681
31818
31966
32042
32161
32272
32628
32665
32685
32713
32988
33024
33036
33070
33145
33279
33341
33375
33633
33650
33666
33695
33726
33840
33875
33969
34194
34277
34595
34604
34880
34919
35035
35204
35289
35396
35460
35797
35906
35994
36380
36451
36551
36938
37140
37553
37589
38018
38033
38041
38190
38689
38939
39227
39296
39381
39532
39607
39680
39881
40016
40218
40377
40492
40635
40697
40779
40847
41414
41634
41934
41945
41946
42132
42269
42337
42964
42982
42993
43009
43056
43129
43276
43490
43855
43972
44050
44236
44293
44354
44927
44930
44992
45495
45646
46030
46055
46426
46548
47132
47326
47524
47647
47871
48225
48265
48399
48455
48481
49303
49557
49691
49716
49977
50016
50054
50082
50562
51617
51665
51817
52112
52473
52534
52575
52665
52756
52788
52835
52837
53128
53504
53717
53722
53879
54035
54127
54406
54478
54516
54599
55025
55290
55615
55653
55756
55757
55818
55931
56072
56167
56169
56269
56396
56401
56446
56693
56738
56995
57011
57086
57140
57418
57527
57600
57662
57708
57866
58026
58227
58242
58251
58378
58633
58667
58739
58804
58984
59079
59147
59148
59160
59190
59281
59583
59749
59810
60207
60599
60742
61157
61204
61362
61541
61543
61546
61691
61817
61839
61989
62148
62195
62541
62597
62814
62854
63096
63273
63298
63380
64095
64186
64407
64539
64897
65066
65107
65271
65281
65608
65660
65678
66275
66415
66550
66655
66755
66923
66935
66936
67151
67194
67226
67949
68022
68213
68480
68497
68699
68877
68990
69332
69360
69417
69446
69458
69458
69471
69693
69754
70290
70422
70521
70760
70772
70785
70997
71024
71109
71134
71503
71523
71538
71871
72081
72084
72155
72165
72214
72322
72344
72486
72955
73277
73297
73424
74373
74386
74558
74634
74836
74845
74854
75474
75715
75765
75974
76232
76515
76626
76832
77245
77250
77264
77940
77969
77996
78121
78568
78603
78686
78774
78952
79552
79558
79809
79811
79902
80004
80627
80723
80872
80909
81051
81064
81166
81379
81391
81418
81721
81740
81856
82335
82391
82503
82615
82683
83122
83166
83405
83830
83831
84271
84296
84369
84453
84478
84546
84692
85095
85299
85326
85459
86219
86272
86279
86517
86566
86783
86941
87740
87915
88096
88106
88153
88217
88433
88661
88720
88817
89097
89264
89285
89322
89817
89913
90145
90428
90545
91012
91024
91053
91080
91101
91167
91269
91367
92112
92153
92169
92179
92575
92592
92831
93139
93345
93639
93798
93939
94075
94127
94228
94565
94587
94652
94678
94777
94851
95196
95222
95300
95778
96213
96264
96427
96504
96518
96538
96725
96795
96885
96946
97399
97666
97872
98053
98127
98187
98583
98583
98784
99064
99241
99281
99570
99638
99809
99878
99938
100759
100877
100910
101302
101492
101616
101749
101773
101976
102302
102359
102495
102525
102607
103014
103048
103237
103391
103420
103927
103930
104009
104031
104147
104163
104236
104241
104277
104313
104501
104526
104635
104788
104957
105357
105486
105497
105524
105651
105653
105667
105864
106066
106222
106434
106521
106543
106593
106694
106851
106921
106939
107039
107120
107334
107549
107776
107814
107917
108068
108248
108254
108461
108857
109051
109209
109306
109375
109461
109514
109763
109874
110399
110680
111239
111490
111698
112059
112067
112084
112125
112139
112174
112190
112284
112340
112556
112769
112795
112831
112847
112942
113036
113059
113112
113138
113174
113305
113639
113832
113838
114018
114134
114424
114536
114660
114746
115204
115233
115360
115494
115709
115717
115830
115893
115951
116090
116458
116541
116545
116686
116931
117021
117404
117417
117531
117540
117790
118265
118287
118350
118642
118796
118992
119007
119300
119505
119517
119700
119912
120579
121059
121264
121334
121521
121612
122529
122669
123576
123739
124215
124692
124696
124698
125150
125352
125356
125417
125677
125750
125993
126000
126126
126157
126182
126381
126719
126950
126996
127159
127687
128341
128366
128592
128704
128741
128801
129081
129096
129112
129272
129330
129772
129781
130004
130049
130119
130155
130519
130537
130587
130605
130650
130819
130821
130890
130944
131209
131217
131240
131246
131309
131455
131710
131807
131880
131893
131900
131910
132059
132441
132669
132748
132805
133473
134305
134450
134643
134959
135571
135818
135901
135906
135958
136184
136238
136341
136428
136443
136529
137058
137137
137267
137380
137626
137641
137708
137857
138578
138751
138823
138970
139170
139286
139292
139662
139922
139985
140011
140109
140232
140357
140588
140617
140910
140927
141203
141258
141277
141311
141653
141696
141836
141930
142214
142240
142389
142675
142686
142842
142940
143094
143279
143508
143837
144128
144705
144855
144865
144995
145066
145081
145182
145337
145468
145479
145715
145957
146028
146065
146281
147109
147282
147664
147766
147871
147977
147989
148308
148343
148434
148506
148566
148701
148701
148811
148823
148853
148969
149078
149210
149731
149734
149744
149945
150006
150290
150311
150350
150454
150463
150576
150599
151013
151138
151172
151261
151286
151518
151559
151567
151742
151758
151983
152087
152271
152803
152924
153396
153470
153790
153841
154083
154216
154438
154703
154766
155108
155350
155525
156176
156319
156412
156681
156694
156957
156988
157023
157307
157508
157809
157957
158082
158381
158425
158633
158638
158668
158695
158774
159067
159072
159706
159868
159904
160194
160252
160793
161005
161026
161046
161065
161102
161651
161728
161901
161942
162026
162127
162309
162387
162843
163223
163798
164137
164430
164445
164952
165045
165253
165420
165563
165667
166062
166223
166440
166463
166486
166656
167076
167119
167360
167979
167994
168119
168221
169112
169228
169589
169662
169752
169844
169887
169956
170247
170315
170401
170418
170915
171459
171571
172328
172537
172565
172802
172888
172980
173453
173462
173759
173877
173897
174111
174122
174268
174467
174519
174612
174744
174928
175011
175050
175068
175309
175344
175394
175501
175620
175643
176174
176228
176892
177405
177675
177688
177964
177987
178223
178320
178441
178673
178924
179071
179407
179413
179482
179646
179649
179766
179800
179878
179947
180262
180587
180967
181080
181190
181260
181810
181888
181947
182033
182200
182334
182562
182777
182897
183119
183406
183940
184064
184250
184494
184549
185013
185074
185144
185265
185694
185783
185802
185815
186104
186142
186156
186207
186331
186372
186450
186464
186623
186792
186848
186971
187336
187420
187446
187850
187908
187953
188042
188060
188084
188215
188436
188582
188867
189051
189129
189132
189569
189604
189763
189995
190204
190312
190661
190687
190820
190931
191000
191642
191665
191753
191886
191896
192106
192446
192557
192700
193054
193190
193230
193573
194106
194767
194921
195126
195255
195438
195503
195786
195821
195836
196295
196819
196958
197194
197493
197535
197701
197955
198227
198287
198617
198870
198876
199216
199374
199575
199633
199672
199789
199917
199982
200068
200167
200336
200525
200586
200766
200922
200923
201123
201342
201446
201549
201677
201755
202156
202249
202350
202414
202704
202763
202786
202788
202837
202917
203659
203878
203970
203984
204010
204166
205154
205226
205389
205779
205789
205815
205946
206295
206453
206486
206806
206877
207213
207439
207442
207459
207465
207517
207575
208271
208462
208553
208623
208736
208827
208846
209338
209569
209829
209973
210074
210196
210445
210768
210880
210893
210930
211204
211257
211344
211376
211412
211572
212046
212059
212077
212267
212510
212513
212650
213406
213452
213476
213633
213887
214625
214741
215017
215196
215268
215381
215424
215760
215857
215906
216131
216146
216224
216228
216250
216437
216490
216500
216925
217051
217059
217133
217249
217307
217361
217456
217578
217645
217746
217777
217830
217934
218198
218601
218700
218793
218803
218864
219470
219629
219679
219745
220060
220106
220318
220429
220482
220539
220623
220740
221174
221202
221218
221292
221490
221893
221949
222582
222591
223072
223248
223375
223409
223453
223716
223735
223783
223907
224012
224027
224088
224235
224281
224386
224507
224632
224633
224789
224898
225114
225572
225682
225698
225806
226109
226156
226405
226610
226689
226726
226868
226893
227144
227155
227204
227331
227918
227932
228486
229148
229328
229376
229407
229595
229895
230043
230305
230381
230651
230738
231017
231267
231279
232433
232510
232671
233251
233292
233625
233978
234022
234070
234238
234247
234472
234612
234620
234764
234792
234903
235029
235136
235300
235329
235426
235433
235612
236119
236173
236447
236452
236667
236839
236940
237206
237441
237850
237860
238139
238216
238363
238800
238820
238843
238849
238890
239087
239145
239184
239539
239562
239856
240095
240260
240338
240577
240720
240759
240849
241100
241236
241446
241453
241686
241959
242031
242111
242158
242322
242422
242454
242465
242502
242817
242909
242955
243097
243309
243528
243575
243589
243860
243922
244042
244295
244505
244659
245158
245568
245577
245603
245662
245683
245689
245905
245914
245981
246097
246132
246157
246512
246892
247018
247156
247251
247264
247293
247451
247557
247563
248056
248204
248274
248335
248337
248384
248560
248874
248911
248935
249231
249278
249473
249677
249814
249853
250004
250106
250119
250255
250310
250457
250469
250474
250598
250770
250933
250935
251011
251442
251502
251649
251656
252146
252157
252593
252689
252708
253040
253128
253469
253871
253930
254012
254033
254564
254805
254861
254923
255036
255047
255167
255383
255402
255479
255492
255494
255726
255729
255827
255947
256388
256643
256722
256839
256973
257026
257110
257187
257238
257491
257556
257748
257940
257999
258094
258239
258531
258754
258892
259001
259402
260001
260289
260839
260871
260931
261149
261305
261366
261491
261496
261571
261696
261703
261728
261807
261930
262084
262532
263082
263122
263218
263226
263665
263924
263927
264066
264113
264364
264565
264611
264661
264840
264856
265486
265893
265931
265932
265996
266144
266180
266186
266881
266899
267323
267353
267375
267429
267598
267683
267820
268351
268511
268610
268659
269117
269123
269286
269352
269473
269736
270474
270627
270763
270814
271188
271362
271751
272016
272160
272177
272196
272258
272265
272535
272622
272623
272676
272838
273036
273288
274049
274201
274292
274353
274407
274461
274703
274906
275200
275225
275427
275563
275636
275930
276086
276214
276311
276897
276964
277368
277603
277736
277738
277770
277871
277893
278301
278544
278699
278765
278936
279017
279969
280036
280094
280162
280448
280456
280491
280550
280625
280801
280812
281071
281223
281344
281533
281704
281706
281774
281950
282002
282100
282271
282378
282840
282926
282972
283113
283667
283781
283794
283825
283889
284118
284131
284389
284397
284506
284578
284593
284629
285032
285049
285091
285138
285140
285337
285341
285650
285657
285918
286008
286138
286191
286385
286421
286452
286492
286590
286895
287082
287284
287292
287325
287429
287451
287487
287727
287735
287852
288266
288303
288337
288360
288590
288665
288900
289109
289141
289276
289527
290191
290410
290465
290510
290623
290684
290712
290980
291504
291784
291991
292014
292051
292272
292656
292676
292886
293079
293166
293180
293500
293578
293846
294003
294394
294428
294503
294700
295036
295133
295277
295525
295535
296189
296346
296366
296368
296395
296528
296587
296636
296723
296913
297004
297269
297492
298270
298316
298360
298580
298913
298939
298947
298997
299043
299061
299070
299115
299641
299658
299913
300123
300196
300293
300360
300404
300520
300561
300656
300815
301319
301332
301453
301580
301979
302149
302176
302210
302250
302428
302442
302722
302957
303362
303613
303649
303826
303976
304014
304133
304165
304521
304535
304627
304828
305053
305265
305817
305848
305861
305927
306335
306438
306498
306704
306997
307141
307248
307312
307472
307545
307843
308396
308408
308489
308500
308557
308668
308844
308992
309062
309256
309443
309501
309929
310028
310032
310139
310250
310312
310376
310483
310707
310778
310849
311006
311521
311567
311733
312319
312646
312845
313036
313226
314097
314238
314376
314907
314969
315016
315286
315709
315770
316037
316069
316263
316683
316937
317032
317332
317341
317448
317600
317992
318048
318060
318063
318258
318286
318364
318369
318522
318539
318612
318741
318820
319195
319405
319606
319757
319936
319979
320007
320027
320122
320365
320378
320422
320535
320537
320589
320923
320959
320978
321004
321191
321468
321530
321616
321627
321771
321968
322155
322709
322887
322914
323131
323308
323441
323511
323671
323713
324186
324675
324803
324835
325392
325596
325685
325696
325848
325933
326028
326032
326071
326130
326682
327224
327514
327534
327539
327558
327965
328347
328425
328521
329007
329057
329169
329315
329484
329761
329885
329999
330141
330203
330333
330357
330373
330438
330497
330768
331022
331200
331249
331265
331344
331492
331609
331823
331871
331893
332044
332072
332306
332551
332598
332741
332859
333284
333755
333779
333896
333966
333976
333997
334098
334126
334447
334592
334976
335258
335397
335413
335444
335590
335611
335808
335885
336463
336909
337032
337328
337462
337501
337598
337693
337873
337873
337916
338033
338164
338173
338391
338534
338580
338651
338712
338862
339002
339082
339460
339678
339826
339951
339971
340060
340098
340109
340132
340234
340377
340604
340663
340682
340693
340780
340792
340837
341005
341170
341230
341282
341609
341656
341716
341939
342004
342474
342484
343219
343279
343467
343552
343716
343732
343877
343922
344102
344521
344726
345348
346088
346192
346223
346449
346484
346513
347376
347533
347591
347787
347835
347898
347937
348055
348195
348449
349099
349229
349489
349544
349561
349727
349792
349982
350013
350189
350242
350651
350728
350770
350776
351045
351086
351403
351689
351760
352011
352294
352528
352630
352804
352888
353010
353262
353384
353445
353459
353699
353699
353792
353929
354232
354265
354606
354694
354785
354813
354820
354926
355017
355150
355199
355289
355511
355551
355565
355810
355847
356393
356609
356616
356616
356749
357041
357974
357995
358062
358714
358860
359186
359432
360252
360325
360383
360554
360684
360758
360786
360966
361121
361372
361646
361943
362495
362792
363353
363415
363521
363599
363760
363964
364327
364361
364492
364662
364673
364718
364831
365075
365152
365228
365237
365398
365619
365756
365886
366304
366378
366512
366634
366639
367168
367322
367390
367719
367996
368505
368591
368662
368797
369016
369045
369066
369235
369302
369303
369677
369836
369930
369953
370013
370416
370553
370799
371284
371321
371596
371607
371936
371942
372051
372135
372191
372248
372260
372981
373101
373708
373715
373743
373833
373892
374022
374043
374184
374346
374383
374447
374642
374694
374748
374767
374777
374804
374864
374940
374965
375233
375261
375280
375314
375318
375431
375662
375903
376141
376496
376545
376595
376932
377153
377364
377710
377757
377902
377964
377993
378024
378029
378251
378296
378458
378760
378989
379341
379488
379587
380246
380394
381752
381798
382061
382216
382216
382290
382295
382394
382403
382676
382684
382750
383086
383122
383150
383447
383504
383516
383840
384022
384151
384476
384488
384706
385340
385550
385692
385859
386288
386507
386558
386595
386820
386905
387185
387206
387744
388065
388067
388259
388286
388685
388689
388911
389040
389161
389247
389307
389402
389517
389587
389759
389871
389910
390269
390449
390514
390562
390604
390616
390699
390993
391034
391119
391228
391329
391339
391700
391738
391758
392041
392232
392442
392479
392580
392592
392601
392696
392747
392978
393026
393276
393335
393391
393484
393713
393865
394253
394413
394452
394950
394958
395624
396126
396555
396837
397026
397588
397713
397746
397759
397939
398116
398473
398483
398551
398646
398664
399061
399156
399325
399412
399563
399729
400079
400274
400405
400566
400623
400679
400788
401055
401083
401246
401437
401597
401794
401834
402598
403292
403491
403737
403837
403856
403934
404447
404600
405055
405259
405404
405509
405593
405660
405818
405867
406121
406791
406940
406943
407071
407596
407714
407891
407988
408094
408227
408675
408965
408982
409103
409381
409432
409569
409576
409678
409737
409782
409871
409970
410134
410169
410276
410364
410409
410428
410620
410769
411100
411108
411165
411279
411294
411339
411377
411858
412402
412470
412480
412573
412666
412751
413281
414027
414065
414315
414506
414604
414651
414951
414960
415839
415967
416049
416182
416291
416368
416522
416681
416757
417002
417143
417282
417348
417383
417585
417684
417772
417852
417927
418253
418439
418537
418577
418738
418997
419244
419326
419381
419386
419507
419620
419700
419936
420209
420559
420675
420685
420772
420947
421007
421017
421295
421312
421312
421499
421601
421606
421870
421906
422073
422385
422429
422681
422752
423078
423208
423543
423774
423856
423883
424071
424545
424610
424821
424866
424969
425203
425339
425483
425645
425751
425778
425822
425918
425935
426553
427004
427323
427539
427813
428391
428677
428730
429109
429251
429687
429795
429822
429943
429985
430196
430299
430416
430499
430609
430878
431006
431035
431282
431456
431501
431789
431951
432156
432198
432277
432376
432461
432483
432578
433618
433691
433698
434027
434060
434322
434341
434423
434981
435045
435131
435368
435469
435721
435767
435837
435920
436051
436136
436341
436610
436687
437392
437696
437700
437715
437913
438439
438447
438478
438990
439329
439696
439699
439828
440188
440345
440397
440439
440521
440792
441018
441084
441100
441241
441518
441532
441674
441750
441758
442215
442219
442522
442623
442992
443025
443365
443548
443555
443676
443805
443866
443925
443950
443961
443973
444556
444689
444857
444876
444937
445001
445760
445776
445862
445889
446072
446986
447003
447282
447422
447566
447813
447875
448050
448057
448221
448229
448653
448688
449123
449164
449308
449482
449502
449524
449726
449952
450288
450311
450447
450753
450825
450855
450936
451029
451049
451153
451268
451400
451501
451595
451668
451899
452062
452331
452603
452711
452724
452726
452784
453135
453428
453529
453539
453577
453910
453923
454088
454168
454317
454353
454431
454730
454731
455131
455252
455600
455785
455831
456028
456041
456133
456266
456442
456490
457159
457442
457701
457925
458714
458940
459104
459355
459567
459890
460088
460113
460150
460740
460801
460809
461017
461176
461463
461556
461767
461911
462067
462256
462443
462610
462898
462993
463098
463827
464075
464104
464128
464193
464194
464282
464549
464840
464991
464992
465120
465251
465634
465646
465651
465663
465710
465750
465963
466024
466421
466426
466792
467069
467214
467418
467789
467838
468024
468048
468061
468123
468253
468518
468519
468615
468859
468982
469026
469054
469118
469144
469206
469209
469336
469386
469421
469563
469644
469784
469831
470594
470638
470698
470821
470944
471000
471488
471605
471822
472609
472770
472891
473228
473453
473653
473698
473912
474041
474050
474139
474911
474918
475169
475350
475521
475523
476222
476423
476439
476468
476473
476549
476638
476677
477185
477404
477507
477682
477687
477698
478078
478095
478102
478324
478424
478726
478785
479027
479571
479751
479757
479797
480280
480361
480473
480513
480533
480565
480639
480680
480819
480967
480977
481269
481422
481518
481586
482237
482255
482522
482537
483016
483203
483737
483804
484473
484614
484939
485229
485835
485867
485950
486242
486330
486436
486445
486471
486859
486961
487298
487345
487516
487941
487972
488011
488264
488327
488444
488812
488815
488903
489027
489485
489711
490433
490438
490515
490540
490772
490835
491094
491341
491426
491501
491541
491914
491949
491962
492149
492302
492346
492363
492441
492710
492766
492804
492961
493108
493131
493170
493333
493366
493553
493808
494276
494388
494729
494793
495867
496086
496179
496298
496358
496366
496626
496920
497355
497466
497592
497620
497686
497805
497878
498147
498466
498621
499241
499287
499377
500006
500083
500149
500195
500664
501430
501476
501477
501575
501995
502218
502238
502253
502394
502513
502553
502717
502777
502805
502842
503211
503217
503332
503334
503539
503621
503724
503931
504081
504180
504361
504430
504524
504609
504773
505122
505148
506148
506184
506207
506216
506224
506251
506375
506593
507083
507178
507193
507218
507238
507294
507310
507473
507630
507777
509506
509534
509563
509590
510096
510118
510371
510466
510582
510717
510788
510839
510897
511136
511140
511152
511187
511506
511563
511731
511773
511788
512168
512430
512509
512578
512803
512906
512989
513030
513245
513302
513439
513697
513706
513929
514107
514152
514200
514241
514515
514652
514798
514894
514947
515036
515378
515555
516069
516073
516452
516478
516655
516875
516911
517140
517181
517443
517530
517553
517655
517665
517673
517770
518012
518125
518144
518600
518642
518935
519211
519287
519520
519678
519867
520023
520167
520524
520917
521238
521519
521776
521987
522023
522033
522154
522227
522329
522780
522796
522797
522875
522896
522957
523140
523201
523313
523320
523530
523995
524040
524825
524877
524923
525161
525221
525299
525461
525588
525646
525646
525722
525777
526090
526156
526375
526493
526586
526891
527010
527499
527541
527553
527770
527802
527917
528178
528345
528659
528737
529056
529063
529314
529627
529648
529684
529693
529932
530514
530600
530648
530648
530813
531026
531075
531167
531421
531427
531489
531678
532010
532538
532539
532602
532713
532797
533007
533131
533157
533705
533785
533807
533892
534050
534290
534357
534517
534588
534725
534772
534892
535229
535694
535884
536033
536597
536874
536959
537012
537169
537208
537257
537330
537389
537510
538293
538375
538567
538588
538777
538911
538937
539006
539286
540133
540490
540550
540594
541223
541262
541266
541412
541511
541679
541848
542045
542093
542182
542265
542496
542601
542633
542636
542665
542763
543363
543586
543634
543766
543796
544051
544167
544449
544625
544815
544843
545244
545267
545358
545955
546105
546130
546369
546425
546576
546754
546887
547023
547078
547419
547445
547898
548034
548353
548474
548838
549274
549317
549524
549669
549857
549860
549875
549946
550271
550585
551094
551291
551335
551452
551628
552078
552263
552766
552866
553261
553448
553494
553619
553641
553874
553910
553976
554047
554390
554634
555167
555598
555797
556342
556508
556540
556594
556926
556951
557307
557424
557560
557948
557975
558115
558340
558753
558801
558803
558876
559131
559269
559299
559318
559561
559571
559776
560039
560102
560180
560470
560570
560583
560963
561413
561516
561888
561933
562901
563293
563454
563759
563896
563929
564248
564373
564494
564536
564568
564868
565028
565271
565656
565906
566281
566386
566605
567078
567351
567411
567522
567845
567948
568085
568113
568382
568411
568471
568486
568507
568795
569002
569172
569334
569372
569472
569823
570000
570411
570533
570565
570582
570919
571402
571496
571713
571780
572117
572226
572342
572389
572699
572794
572806
573140
573219
573254
573294
573795
573818
573916
573947
574030
574033
574085
574126
574246
574256
574258
574451
574487
574496
574692
575287
575580
575965
576063
576587
576628
577373
577491
577781
578148
578330
578338
578433
578681
578748
578771
578807
578860
578889
578930
578952
578989
579029
579054
579078
579150
579217
579831
579915
579987
580100
580110
580147
580300
580567
580670
580868
580981
580997
581411
581772
581876
582059
582502
582512
582542
582586
582754
582807
583089
583202
583291
583551
583863
583867
584125
584188
584562
584573
584738
584754
584813
584878
585270
585477
585640
585673
585736
585927
585991
586179
586448
586575
586618
586684
586802
586871
586921
586942
587108
587247
587357
587559
587626
587860
587901
588162
588446
588634
589275
589345
589410
589470
589547
589552
589732
590164
590296
590662
590717
590811
590835
590961
591039
591144
591145
591149
591183
591257
591304
591337
591524
591600
591659
591725
591848
592509
592570
592631
592767
593373
593483
593651
593707
593740
593752
594001
594917
595055
595311
595325
595448
595457
595826
596213
596517
596653
596836
596875
597138
597540
597565
597578
597632
597807
597862
598085
598086
598756
598819
599400
599409
599601
599753
599923
600452
600544
600881
601049
601250
601253
601390
601662
602080
602123
602139
602264
602358
602372
602835
602876
603453
603633
603685
603829
603987
604157
604260
604315
604317
604325
604448
604544
604584
604603
604607
604624
604656
604856
605184
605419
605726
606012
606429
606595
606620
606689
606763
606899
606936
607014
607035
607427
607594
607647
608084
608092
608252
608267
608333
608506
608725
608812
609000
609072
609370
609490
609735
609750
609798
610726
610909
611052
611072
611113
611225
611297
611460
611505
611566
611595
611698
611772
611877
611879
612061
612111
612326
612848
612992
613085
613192
613209
613323
613459
613648
613785
614003
614034
614196
614266
614318
614527
614776
614797
615018
615156
615496
615504
615522
615533
615701
616135
616449
616821
617004
617019
617046
617543
617795
617797
617867
617906
618315
618786
618935
618989
618990
619365
619388
619393
619525
619557
620269
620350
620438
620469
620563
620673
620796
621122
621159
621184
621202
621350
621648
621889
622077
622129
622266
622425
622465
622643
622778
622964
623281
623684
623800
623826
623878
623882
624026
624108
624213
624238
624312
624983
625023
625057
625417
625645
625847
625934
625935
625979
625986
626065
626125
626650
627238
627299
627863
628173
628198
628316
628455
628576
628654
628800
628901
628961
629416
629498
629603
629644
629993
630071
630238
630257
630358
630450
630635
630724
630822
631103
631140
631168
631258
631376
631490
631590
631643
631775
631880
631881
631968
632009
632035
632156
632748
632768
633119
633200
633237
633244
633406
633436
633602
633644
633721
633875
634085
634104
634123
634421
634935
635075
635354
635526
635683
635861
635914
635988
636017
636078
636133
636278
636368
636438
637158
637549
637807
637875
637983
638097
638100
638332
638629
638814
638968
638994
639026
639300
639810
640109
640137
640175
640387
640480
640662
640671
640864
640901
640958
641022
641083
641086
641183
641209
641377
641668
641727
641808
641811
641901
641914
641968
642160
642197
642323
642328
642345
642671
642710
642983
643354
643759
643842
643938
644007
644351
644426
644511
644647
644652
644690
645180
645269
645548
645571
645735
645982
646041
646154
646373
646415
646417
646446
646503
646596
646699
647196
647249
647299
647386
647397
648044
648288
648548
648926
649082
649358
649384
649433
649574
649689
650052
650055
650142
650271
650310
650335
650644
650670
650688
651102
651107
651236
651383
651490
651853
651863
651937
651944
652365
652525
652770
652847
652904
653132
653170
653307
653510
653796
654022
654293
654696
654819
654901
655062
655106
655313
655524
655542
655794
655881
655930
656454
656490
656671
656818
657061
657158
657502
657658
657868
657967
658005
658015
658112
658114
658130
658162
658572
658711
658959
659117
659588
659607
659649
659693
659827
659962
660001
660223
660372
660418
660628
660878
660937
661010
661447
661450
661822
661855
662127
662375
662444
662616
662645
662907
663022
663234
663479
663614
664667
664849
665092
665282
665299
665503
665561
665564
665959
666006
666145
666146
666514
666654
667150
667281
667390
668437
668650
668864
669084
669159
669211
669423
669431
669467
669567
669657
669688
670051
670073
670178
670233
670441
670520
670765
671029
671177
671248
671500
671803
672036
672160
672611
672766
672810
672818
673046
673222
673303
673578
673686
673811
673945
674005
674039
674280
674388
674438
674805
674815
674919
675008
675065
675175
675597
675923
676115
676205
676214
676285
676313
676521
676804
677228
677329
677457
677834
678504
678583
678606
678614
678622
679115
679201
679450
679595
679976
680114
680441
680682
680738
680812
680838
680889
680995
681004
681178
681427
681430
681578
681819
681917
682059
682146
682717
682863
683041
683371
684438
684629
684637
684965
685121
685244
685249
685391
685707
685743
686263
686320
686541
686669
686699
686864
686975
687333
687403
687477
687622
687770
688198
688343
688345
688782
688852
688987
689011
689111
689349
689517
689592
690244
690704
691440
691628
691723
691798
691861
691894
692855
692899
692946
693147
693362
693409
693474
693740
693775
694004
694030
694263
694594
694696
694817
694949
695072
695097
695214
695531
695828
695879
695932
696136
696229
696487
696500
696546
696888
697032
697432
697806
698011
698052
698204
698751
698851
698942
699075
699156
699255
699501
699652
699789
699840
700138
700312
700594
700761
700999
701010
701159
701246
701424
701683
701719
702310
702647
702674
702705
702707
703016
703159
703530
703677
703742
704033
704575
704642
705148
705468
705780
705839
706060
706121
706196
706250
706396
706464
706581
706839
707607
707689
707753
707759
707796
708383
708909
709136
709180
709447
709666
709957
710048
710080
710105
710110
710308
710435
710602
710626
710663
710948
711327
711519
711552
711732
711850
711869
711958
711960
712258
712265
712600
713041
713510
713546
713553
713617
713789
713942
714006
714011
714026
714322
714451
714577
714653
714768
715231
715332
715368
715610
716250
716437
716460
716496
717019
717395
717418
717618
717651
717659
717825
717883
717980
718055
718154
718252
718357
718956
719063
719119
719642
719694
720129
720237
720361
720418
720421
720480
720722
720742
720897
721051
721287
721477
721479
721568
721739
721837
722034
722059
722173
722446
722669
722747
722777
722807
722845
723053
723069
723275
724016
724103
724287
724337
724950
725103
725412
725436
725447
725654
725807
725808
725856
726642
726974
727091
727191
727492
727556
727919
727939
728004
728027
728168
728258
728735
728766
728788
728937
729006
729203
729206
729341
729947
730145
730275
730277
730433
730671
730686
730794
730813
730848
730874
730993
731125
731654
731936
732510
732680
732881
733881
734022
734102
734277
734405
734454
734827
734891
735003
735008
735212
735409
735481
735692
735715
736313
736480
736492
736622
736674
737126
737401
737805
737866
738325
739008
739235
739551
740335
740530
740581
740787
740847
741182
741794
742372
742714
742833
742917
743192
743211
743448
743575
743756
744050
744320
744546
744732
745103
745262
745300
745311
745613
745641
745741
745763
746091
746208
746857
746886
747101
747194
747640
747782
747911
748398
748406
748407
748418
748423
748517
748870
748986
749021
749081
749488
749604
749947
749955
750461
750613
750874
751013
751183
751471
751553
751678
751739
751926
751974
752009
752115
752409
752416
752487
752792
752795
752896
752997
753053
753364
753375
753741
753960
754086
754092
754299
754502
754727
755258
755452
755499
755548
755563
755775
755868
756096
756177
756707
756911
757007
757061
757208
757293
757909
757993
758010
758491
758670
758707
758803
758907
758937
758954
759010
759036
759247
759297
759323
759346
759629
759724
760050
760067
760292
760553
760617
760780
761116
761365
761542
761854
762004
762179
762532
762611
762833
763125
763435
763507
763530
763585
763724
764591
764639
764829
765007
765537
765656
765675
765689
765860
766179
766681
766794
766898
767103
767167
767329
767547
767659
767762
767867
767996
768254
768339
768389
768806
768852
768974
768987
769362
769760
769765
769877
770045
770465
770486
770536
770571
770632
770730
771170
771209
771233
771518
771788
771981
772127
772277
772280
772407
772417
772640
773085
773309
773426
773523
773793
774040
774068
774137
774377
774402
774529
774627
774787
775036
775099
775325
775409
775485
775605
775848
776284
776951
777050
777089
777172
777230
777238
777379
777517
778006
778099
778102
778823
778965
779028
779038
779158
779175
779423
779917
779918
779942
779996
780482
780967
780998
781113
781205
781230
781915
782052
782349
782532
782955
782979
783005
783473
783545
783551
783588
783737
784013
784043
784171
784219
784403
784811
784844
784870
784925
785108
785291
785480
786100
786591
786816
786829
786948
787316
787382
787452
787515
787560
787662
788076
788219
788276
788454
788474
788598
788637
788779
788879
788883
789039
789279
789498
789571
790346
790458
790588
790783
790842
790913
791157
791205
791289
791708
791728
791843
791995
792006
792576
792702
792891
793233
793352
793635
793647
793999
794024
794078
794090
794337
794395
794654
794704
794888
795066
795173
795283
795294
795566
795696
795790
795939
796109
796173
796270
796270
796856
796872
797061
797185
797436
797528
797694
797848
797971
798020
798277
798378
798397
798477
798611
798941
799451
799647
799706
799897
800038
800093
800173
800211
800228
800391
800529
800565
800677
800705
800909
801117
801409
801587
801862
801898
802352
802829
803062
803297
803306
803363
803670
803796
804320
805040
805141
805339
805393
805496
805528
806072
806135
806146
806332
806438
806489
806835
807164
807174
807306
808270
808272
808464
808580
808585
808713
809459
810039
810518
810612
811550
811966
811982
812015
812489
812543
812677
812827
812934
813052
813155
813229
813636
814418
814418
814459
814465
814868
814911
814997
815543
815617
815777
815815
815825
815874
815902
816298
816320
816385
816670
817151
817171
817185
817217
817869
817979
818070
818374
818417
818489
818634
818837
819054
819447
819582
819812
819833
819863
819884
820186
820329
820407
820540
820572
821019
821353
821361
821417
821553
822160
822280
822314
822316
822401
822741
822841
822867
823211
823220
823290
823291
823548
823681
824160
824452
824543
824752
825065
825275
825415
825638
825651
825680
825773
825996
826123
826171
826480
826631
826724
827445
827496
827612
827632
827683
827727
827778
827950
828154
828371
828437
828539
828602
828764
828951
829503
830023
830038
830093
830496
830752
830797
830873
831176
831233
831425
831525
832171
832344
832380
832389
832434
832488
832493
832648
832650
832773
833119
833404
833607
833704
833707
833990
834116
834477
834562
834741
834988
835190
835191
835194
835197
835255
835544
835627
835904
835980
836034
836277
836279
836299
836570
836600
836713
836804
837061
837078
837144
837275
837360
837464
837790
838123
838154
838525
838783
839102
839241
839267
839313
839559
839742
839843
839934
839955
840015
840862
841100
841133
841286
841293
841813
841980
842712
842925
842986
843003
843232
843786
844056
844066
844484
844782
844910
844947
845119
845147
845571
845586
845853
846250
846274
846402
846419
846423
846690
846752
847095
847097
847270
847271
847296
847298
847372
847443
847875
848076
848243
848261
848433
848481
848636
848694
848751
848883
848938
849020
849184
849223
849414
849428
849446
849901
850522
850587
850759
851156
851174
851178
851284
851329
851566
851849
851940
851971
852029
852093
852393
852965
853363
853462
853620
854430
854481
854835
854921
854943
855108
855331
855357
855560
855577
855651
855853
855864
855867
856506
856735
857044
857110
857335
857371
857567
857986
858478
858740
858955
859042
859180
859345
859402
859487
859504
859546
859729
859830
860076
860269
860419
860506
860660
860851
861038
861123
861159
861311
861642
861876
861902
861967
862029
862043
862096
862096
862120
862400
862455
862917
863044
863137
863288
863472
863546
863608
863757
863854
864216
864347
864583
864782
864825
865089
865833
865849
865882
866094
866307
866330
866363
866365
866686
866768
867366
867449
867541
867836
867918
868043
868121
868502
868573
868603
868698
868777
868965
868991
869170
869309
869320
869374
870216
870322
870330
870426
870668
871022
871138
871202
871231
871267
871622
871822
871833
871872
872008
872369
872389
872401
872437
872576
872597
872616
872697
872744
872900
873440
873660
873810
873948
874056
874358
874447
874525
874617
874661
874868
875032
875467
875616
875690
875877
875947
875951
875958
876386
876479
876616
876648
876858
876870
877053
877203
877364
877392
877521
877576
877848
878702
878822
879411
880004
880322
880348
880469
880919
880944
881160
881234
881530
881612
881667
881990
882115
882234
882421
882844
883259
883278
883473
883640
883858
883937
884060
884087
884171
884237
884288
884310
884431
884523
884738
885090
885097
885098
885203
885215
885238
885449
885519
885633
885874
886048
886149
886210
886338
886342
886457
886462
886547
886903
887229
887369
887376
887379
887453
887762
887848
887870
888079
888091
888360
888620
888704
889040
889470
889537
889589
889599
889653
890053
890097
890136
890742
891065
891639
891930
891993
892031
892044
892530
892794
892983
893064
893254
893449
893540
893635
893939
894822
895030
895119
895195
895199
895253
895483
895651
895762
896066
896219
896319
896487
896689
896758
896789
896860
897075
897094
897254
897367
897430
897622
897856
897993
898089
898168
898362
898397
898633
898660
898721
898727
898762
898930
899036
899180
899346
899406
899576
899838
899927
900247
900344
900392
900591
900605
900904
900988
901056
901096
901326
901494
901494
901682
902039
902248
902522
902686
902768
902802
902934
902984
902992
903321
903497
903542
903852
904559
904561
904687
904864
905195
905216
905427
905978
906047
906193
906585
906589
906750
906993
907064
907079
907133
907219
907588
907717
908015
908345
909260
909514
909768
910190
910209
910257
910309
910347
910424
910533
910833
910849
911209
911413
911508
912121
912297
912321
912337
912450
912541
912827
912874
913146
913292
913760
913823
913923
914141
914419
914422
914807
914947
914975
915037
915240
915249
915362
915396
915807
916086
916193
916411
917047
917192
917293
917463
918188
918791
918824
918892
918933
919760
919826
919885
919977
919983
920117
920250
920301
920488
921092
921110
921178
921268
921295
921417
921422
921432
921818
922271
922276
922284
922505
922526
923335
923443
923529
923615
923638
923802
923946
924242
924484
924485
924590
924766
925101
925248
925289
926320
926383
926600
926798
927371
927516
927601
927768
927938
928328
928515
929028
929258
929716
929942
930055
930079
930152
930459
930466
930651
930760
930772
931025
931248
931524
931611
931630
931644
931711
931964
932319
933001
933058
933189
933382
933584
933795
933808
933971
934442
934954
935191
935199
935310
935709
935791
936192
936462
936489
936507
936599
936722
936811
936909
936970
936990
937081
937089
937145
937176
937317
937395
937478
937699
937718
938034
938110
938666
938806
938859
938957
939254
939277
939693
939851
939980
939983
939991
940114
940220
940545
940626
940651
940729
940859
941010
941127
941364
941365
941423
941580
941801
941806
942048
942488
942551
942782
942790
942858
942891
943065
943461
943527
943687
943792
944137
944304
945005
945033
945125
945291
945309
945321
945464
945770
946031
946198
946255
946338
946389
946676
946787
946967
947087
947216
947366
947453
947554
947558
947661
947911
947953
947976
948008
948021
948148
948274
948355
948505
948627
948728
948813
949087
949128
949387
949612
949756
949859
950039
950493
950517
950658
950763
951148
951194
951362
951829
952988
953464
953785
953838
954152
954337
954382
954492
954493
954687
954875
955283
955458
955597
955776
956155
956168
956200
956801
956861
957510
957696
957740
957842
957926
957933
958854
958991
959096
959151
959211
959220
959252
959416
959501
959715
959828
959958
960060
960121
960199
960338
960538
960594
960638
960772
960951
961114
961548
961629
962119
962507
962576
962685
963342
963416
963586
963837
963969
964200
964290
964317
964374
964401
964417
964590
964660
964667
964726
964834
964849
964859
965418
965757
966184
966445
966536
966679
967293
967678
967749
967862
967874
968271
968385
968591
968650
968976
968991
969029
969234
969285
969372
969484
969584
969626
969744
970500
970530
970817
970844
971293
971333
971616
971925
972132
972479
972596
972636
972754
973366
973522
973569
973657
973874
974161
974413
974501
974503
974523
974549
974795
974846
974881
975117
975232
975401
975641
975951
975981
976164
976181
976331
976668
976727
976789
976976
977019
977042
977245
977254
977351
977419
977441
977795
977905
977989
978158
978360
978401
978763
978888
979031
979712
979870
979902
979959
980061
980185
980246
980251
980275
980399
980801
980860
980926
980961
981015
981038
981327
981499
981787
981833
981909
981926
981937
982165
982249
982404
982570
982635
983090
983114
983607
983718
983805
983806
984320
984463
984767
984805
985154
985261
985280
985327
985334
985682
986035
986102
986213
986471
986675
986748
987215
987406
987433
987487
987873
987970
987979
988219
988281
988316
988337
988385
988451
989193
989242
989445
989461
989551
990007
990698
991003
991009
991110
991173
991252
991255
991717
991738
991745
991820
991873
992069
992090
992288
992485
992659
992741
992863
993055
993111
993239
993496
993507
993507
993611
993787
993798
993806
994049
994201
994254
994288
994340
994475
994493
994674
995126
995133
995767
996074
996190
996271
996307
996438
996564
996949
997208
997302
997362
997750
997779
997846
997918
998168
998188
998239
998339
998444
998597
998702
998857
999061
999100
999203
999234
999298
999363
999448
999491
999740
999743
999992