999992
999743
999740
999491
999448
999363
999298
999234
999203
999100
999061
998857
998702
998597
998444
998339
998239
998188
998168
997918
997846
997779
997750
997362
997302
997208
996949
996564
996438
996307
996271
996190
996074
995767
995133
995126
994674
994493
994475
994340
994288
994254
994201
994049
993806
993798
993787
993611
993507
993507
993496
993239
993111
993055
992863
992741
992659
992485
992288
992090
992069
991873
991820
991745
991738
991717
991255
991252
991173
991110
991009
991003
990698
990007
989551
989461
989445
989242
989193
988451
988385
988337
988316
988281
988219
987979
987970
987873
987487
987433
987406
987215
986748
986675
986471
986213
986102
986035
985682
985334
985327
985280
985261
985154
984805
984767
984463
984320
983806
983805
983718
983607
983114
983090
982635
982570
982404
982249
982165
981937
981926
981909
981833
981787
981499
981327
981038
981015
980961
980926
980860
980801
980399
980275
980251
980246
980185
980061
979959
979902
979870
979712
979031
978888
978763
978401
978360
978158
977989
977905
977795
977441
977419
977351
977254
977245
977042
977019
976976
976789
976727
976668
976331
976181
976164
975981
975951
975641
975401
975232
975117
974881
974846
974795
974549
974523
974503
974501
974413
974161
973874
973657
973569
973522
973366
972754
972636
972596
972479
972132
971925
971616
971333
971293
970844
970817
970530
970500
969744
969626
969584
969484
969372
969285
969234
969029
968991
968976
968650
968591
968385
968271
967874
967862
967749
967678
967293
966679
966536
966445
966184
965757
965418
964859
964849
964834
964726
964667
964660
964590
964417
964401
964374
964317
964290
964200
963969
963837
963586
963416
963342
962685
962576
962507
962119
961629
961548
961114
960951
960772
960638
960594
960538
960338
960199
960121
960060
959958
959828
959715
959501
959416
959252
959220
959211
959151
959096
958991
958854
957933
957926
957842
957740
957696
957510
956861
956801
956200
956168
956155
955776
955597
955458
955283
954875
954687
954493
954492
954382
954337
954152
953838
953785
953464
952988
951829
951362
951194
951148
950763
950658
950517
950493
950039
949859
949756
949612
949387
949128
949087
948813
948728
948627
948505
948355
948274
948148
948021
948008
947976
947953
947911
947661
947558
947554
947453
947366
947216
947087
946967
946787
946676
946389
946338
946255
946198
946031
945770
945464
945321
945309
945291
945125
945033
945005
944304
944137
943792
943687
943527
943461
943065
942891
942858
942790
942782
942551
942488
942048
941806
941801
941580
941423
941365
941364
941127
941010
940859
940729
940651
940626
940545
940220
940114
939991
939983
939980
939851
939693
939277
939254
938957
938859
938806
938666
938110
938034
937718
937699
937478
937395
937317
937176
937145
937089
937081
936990
936970
936909
936811
936722
936599
936507
936489
936462
936192
935791
935709
935310
935199
935191
934954
934442
933971
933808
933795
933584
933382
933189
933058
933001
932319
931964
931711
931644
931630
931611
931524
931248
931025
930772
930760
930651
930466
930459
930152
930079
930055
929942
929716
929258
929028
928515
928328
927938
927768
927601
927516
927371
926798
926600
926383
926320
925289
925248
925101
924766
924590
924485
924484
924242
923946
923802
923638
923615
923529
923443
923335
922526
922505
922284
922276
922271
921818
921432
921422
921417
921295
921268
921178
921110
921092
920488
920301
920250
920117
919983
919977
919885
919826
919760
918933
918892
918824
918791
918188
917463
917293
917192
917047
916411
916193
916086
915807
915396
915362
915249
915240
915037
914975
914947
914807
914422
914419
914141
913923
913823
913760
913292
913146
912874
912827
912541
912450
912337
912321
912297
912121
911508
911413
911209
910849
910833
910533
910424
910347
910309
910257
910209
910190
909768
909514
909260
908345
908015
907717
907588
907219
907133
907079
907064
906993
906750
906589
906585
906193
906047
905978
905427
905216
905195
904864
904687
904561
904559
903852
903542
903497
903321
902992
902984
902934
902802
902768
902686
902522
902248
902039
901682
901494
901494
901326
901096
901056
900988
900904
900605
900591
900392
900344
900247
899927
899838
899576
899406
899346
899180
899036
898930
898762
898727
898721
898660
898633
898397
898362
898168
898089
897993
897856
897622
897430
897367
897254
897094
897075
896860
896789
896758
896689
896487
896319
896219
896066
895762
895651
895483
895253
895199
895195
895119
895030
894822
893939
893635
893540
893449
893254
893064
892983
892794
892530
892044
892031
891993
891930
891639
891065
890742
890136
890097
890053
889653
889599
889589
889537
889470
889040
888704
888620
888360
888091
888079
887870
887848
887762
887453
887379
887376
887369
887229
886903
886547
886462
886457
886342
886338
886210
886149
886048
885874
885633
885519
885449
885238
885215
885203
885098
885097
885090
884738
884523
884431
884310
884288
884237
884171
884087
884060
883937
883858
883640
883473
883278
883259
882844
882421
882234
882115
881990
881667
881612
881530
881234
881160
880944
880919
880469
880348
880322
880004
879411
878822
878702
877848
877576
877521
877392
877364
877203
877053
876870
876858
876648
876616
876479
876386
875958
875951
875947
875877
875690
875616
875467
875032
874868
874661
874617
874525
874447
874358
874056
873948
873810
873660
873440
872900
872744
872697
872616
872597
872576
872437
872401
872389
872369
872008
871872
871833
871822
871622
871267
871231
871202
871138
871022
870668
870426
870330
870322
870216
869374
869320
869309
869170
868991
868965
868777
868698
868603
868573
868502
868121
868043
867918
867836
867541
867449
867366
866768
866686
866365
866363
866330
866307
866094
865882
865849
865833
865089
864825
864782
864583
864347
864216
863854
863757
863608
863546
863472
863288
863137
863044
862917
862455
862400
862120
862096
862096
862043
862029
861967
861902
861876
861642
861311
861159
861123
861038
860851
860660
860506
860419
860269
860076
859830
859729
859546
859504
859487
859402
859345
859180
859042
858955
858740
858478
857986
857567
857371
857335
857110
857044
856735
856506
855867
855864
855853
855651
855577
855560
855357
855331
855108
854943
854921
854835
854481
854430
853620
853462
853363
852965
852393
852093
852029
851971
851940
851849
851566
851329
851284
851178
851174
851156
850759
850587
850522
849901
849446
849428
849414
849223
849184
849020
848938
848883
848751
848694
848636
848481
848433
848261
848243
848076
847875
847443
847372
847298
847296
847271
847270
847097
847095
846752
846690
846423
846419
846402
846274
846250
845853
845586
845571
845147
845119
844947
844910
844782
844484
844066
844056
843786
843232
843003
842986
842925
842712
841980
841813
841293
841286
841133
841100
840862
840015
839955
839934
839843
839742
839559
839313
839267
839241
839102
838783
838525
838154
838123
837790
837464
837360
837275
837144
837078
837061
836804
836713
836600
836570
836299
836279
836277
836034
835980
835904
835627
835544
835255
835197
835194
835191
835190
834988
834741
834562
834477
834116
833990
833707
833704
833607
833404
833119
832773
832650
832648
832493
832488
832434
832389
832380
832344
832171
831525
831425
831233
831176
830873
830797
830752
830496
830093
830038
830023
829503
828951
828764
828602
828539
828437
828371
828154
827950
827778
827727
827683
827632
827612
827496
827445
826724
826631
826480
826171
826123
825996
825773
825680
825651
825638
825415
825275
825065
824752
824543
824452
824160
823681
823548
823291
823290
823220
823211
822867
822841
822741
822401
822316
822314
822280
822160
821553
821417
821361
821353
821019
820572
820540
820407
820329
820186
819884
819863
819833
819812
819582
819447
819054
818837
818634
818489
818417
818374
818070
817979
817869
817217
817185
817171
817151
816670
816385
816320
816298
815902
815874
815825
815815
815777
815617
815543
814997
814911
814868
814465
814459
814418
814418
813636
813229
813155
813052
812934
812827
812677
812543
812489
812015
811982
811966
811550
810612
810518
810039
809459
808713
808585
808580
808464
808272
808270
807306
807174
807164
806835
806489
806438
806332
806146
806135
806072
805528
805496
805393
805339
805141
805040
804320
803796
803670
803363
803306
803297
803062
802829
802352
801898
801862
801587
801409
801117
800909
800705
800677
800565
800529
800391
800228
800211
800173
800093
800038
799897
799706
799647
799451
798941
798611
798477
798397
798378
798277
798020
797971
797848
797694
797528
797436
797185
797061
796872
796856
796270
796270
796173
796109
795939
795790
795696
795566
795294
795283
795173
795066
794888
794704
794654
794395
794337
794090
794078
794024
793999
793647
793635
793352
793233
792891
792702
792576
792006
791995
791843
791728
791708
791289
791205
791157
790913
790842
790783
790588
790458
790346
789571
789498
789279
789039
788883
788879
788779
788637
788598
788474
788454
788276
788219
788076
787662
787560
787515
787452
787382
787316
786948
786829
786816
786591
786100
785480
785291
785108
784925
784870
784844
784811
784403
784219
784171
784043
784013
783737
783588
783551
783545
783473
783005
782979
782955
782532
782349
782052
781915
781230
781205
781113
780998
780967
780482
779996
779942
779918
779917
779423
779175
779158
779038
779028
778965
778823
778102
778099
778006
777517
777379
777238
777230
777172
777089
777050
776951
776284
775848
775605
775485
775409
775325
775099
775036
774787
774627
774529
774402
774377
774137
774068
774040
773793
773523
773426
773309
773085
772640
772417
772407
772280
772277
772127
771981
771788
771518
771233
771209
771170
770730
770632
770571
770536
770486
770465
770045
769877
769765
769760
769362
768987
768974
768852
768806
768389
768339
768254
767996
767867
767762
767659
767547
767329
767167
767103
766898
766794
766681
766179
765860
765689
765675
765656
765537
765007
764829
764639
764591
763724
763585
763530
763507
763435
763125
762833
762611
762532
762179
762004
761854
761542
761365
761116
760780
760617
760553
760292
760067
760050
759724
759629
759346
759323
759297
759247
759036
759010
758954
758937
758907
758803
758707
758670
758491
758010
757993
757909
757293
757208
757061
757007
756911
756707
756177
756096
755868
755775
755563
755548
755499
755452
755258
754727
754502
754299
754092
754086
753960
753741
753375
753364
753053
752997
752896
752795
752792
752487
752416
752409
752115
752009
751974
751926
751739
751678
751553
751471
751183
751013
750874
750613
750461
749955
749947
749604
749488
749081
749021
748986
748870
748517
748423
748418
748407
748406
748398
747911
747782
747640
747194
747101
746886
746857
746208
746091
745763
745741
745641
745613
745311
745300
745262
745103
744732
744546
744320
744050
743756
743575
743448
743211
743192
742917
742833
742714
742372
741794
741182
740847
740787
740581
740530
740335
739551
739235
739008
738325
737866
737805
737401
737126
736674
736622
736492
736480
736313
735715
735692
735481
735409
735212
735008
735003
734891
734827
734454
734405
734277
734102
734022
733881
732881
732680
732510
731936
731654
731125
730993
730874
730848
730813
730794
730686
730671
730433
730277
730275
730145
729947
729341
729206
729203
729006
728937
728788
728766
728735
728258
728168
728027
728004
727939
727919
727556
727492
727191
727091
726974
726642
725856
725808
725807
725654
725447
725436
725412
725103
724950
724337
724287
724103
724016
723275
723069
723053
722845
722807
722777
722747
722669
722446
722173
722059
722034
721837
721739
721568
721479
721477
721287
721051
720897
720742
720722
720480
720421
720418
720361
720237
720129
719694
719642
719119
719063
718956
718357
718252
718154
718055
717980
717883
717825
717659
717651
717618
717418
717395
717019
716496
716460
716437
716250
715610
715368
715332
715231
714768
714653
714577
714451
714322
714026
714011
714006
713942
713789
713617
713553
713546
713510
713041
712600
712265
712258
711960
711958
711869
711850
711732
711552
711519
711327
710948
710663
710626
710602
710435
710308
710110
710105
710080
710048
709957
709666
709447
709180
709136
708909
708383
707796
707759
707753
707689
707607
706839
706581
706464
706396
706250
706196
706121
706060
705839
705780
705468
705148
704642
704575
704033
703742
703677
703530
703159
703016
702707
702705
702674
702647
702310
701719
701683
701424
701246
701159
701010
700999
700761
700594
700312
700138
699840
699789
699652
699501
699255
699156
699075
698942
698851
698751
698204
698052
698011
697806
697432
697032
696888
696546
696500
696487
696229
696136
695932
695879
695828
695531
695214
695097
695072
694949
694817
694696
694594
694263
694030
694004
693775
693740
693474
693409
693362
693147
692946
692899
692855
691894
691861
691798
691723
691628
691440
690704
690244
689592
689517
689349
689111
689011
688987
688852
688782
688345
688343
688198
687770
687622
687477
687403
687333
686975
686864
686699
686669
686541
686320
686263
685743
685707
685391
685249
685244
685121
684965
684637
684629
684438
683371
683041
682863
682717
682146
682059
681917
681819
681578
681430
681427
681178
681004
680995
680889
680838
680812
680738
680682
680441
680114
679976
679595
679450
679201
679115
678622
678614
678606
678583
678504
677834
677457
677329
677228
676804
676521
676313
676285
676214
676205
676115
675923
675597
675175
675065
675008
674919
674815
674805
674438
674388
674280
674039
674005
673945
673811
673686
673578
673303
673222
673046
672818
672810
672766
672611
672160
672036
671803
671500
671248
671177
671029
670765
670520
670441
670233
670178
670073
670051
669688
669657
669567
669467
669431
669423
669211
669159
669084
668864
668650
668437
667390
667281
667150
666654
666514
666146
666145
666006
665959
665564
665561
665503
665299
665282
665092
664849
664667
663614
663479
663234
663022
662907
662645
662616
662444
662375
662127
661855
661822
661450
661447
661010
660937
660878
660628
660418
660372
660223
660001
659962
659827
659693
659649
659607
659588
659117
658959
658711
658572
658162
658130
658114
658112
658015
658005
657967
657868
657658
657502
657158
657061
656818
656671
656490
656454
655930
655881
655794
655542
655524
655313
655106
655062
654901
654819
654696
654293
654022
653796
653510
653307
653170
653132
652904
652847
652770
652525
652365
651944
651937
651863
651853
651490
651383
651236
651107
651102
650688
650670
650644
650335
650310
650271
650142
650055
650052
649689
649574
649433
649384
649358
649082
648926
648548
648288
648044
647397
647386
647299
647249
647196
646699
646596
646503
646446
646417
646415
646373
646154
646041
645982
645735
645571
645548
645269
645180
644690
644652
644647
644511
644426
644351
644007
643938
643842
643759
643354
642983
642710
642671
642345
642328
642323
642197
642160
641968
641914
641901
641811
641808
641727
641668
641377
641209
641183
641086
641083
641022
640958
640901
640864
640671
640662
640480
640387
640175
640137
640109
639810
639300
639026
638994
638968
638814
638629
638332
638100
638097
637983
637875
637807
637549
637158
636438
636368
636278
636133
636078
636017
635988
635914
635861
635683
635526
635354
635075
634935
634421
634123
634104
634085
633875
633721
633644
633602
633436
633406
633244
633237
633200
633119
632768
632748
632156
632035
632009
631968
631881
631880
631775
631643
631590
631490
631376
631258
631168
631140
631103
630822
630724
630635
630450
630358
630257
630238
630071
629993
629644
629603
629498
629416
628961
628901
628800
628654
628576
628455
628316
628198
628173
627863
627299
627238
626650
626125
626065
625986
625979
625935
625934
625847
625645
625417
625057
625023
624983
624312
624238
624213
624108
624026
623882
623878
623826
623800
623684
623281
622964
622778
622643
622465
622425
622266
622129
622077
621889
621648
621350
621202
621184
621159
621122
620796
620673
620563
620469
620438
620350
620269
619557
619525
619393
619388
619365
618990
618989
618935
618786
618315
617906
617867
617797
617795
617543
617046
617019
617004
616821
616449
616135
615701
615533
615522
615504
615496
615156
615018
614797
614776
614527
614318
614266
614196
614034
614003
613785
613648
613459
613323
613209
613192
613085
612992
612848
612326
612111
612061
611879
611877
611772
611698
611595
611566
611505
611460
611297
611225
611113
611072
611052
610909
610726
609798
609750
609735
609490
609370
609072
609000
608812
608725
608506
608333
608267
608252
608092
608084
607647
607594
607427
607035
607014
606936
606899
606763
606689
606620
606595
606429
606012
605726
605419
605184
604856
604656
604624
604607
604603
604584
604544
604448
604325
604317
604315
604260
604157
603987
603829
603685
603633
603453
602876
602835
602372
602358
602264
602139
602123
602080
601662
601390
601253
601250
601049
600881
600544
600452
599923
599753
599601
599409
599400
598819
598756
598086
598085
597862
597807
597632
597578
597565
597540
597138
596875
596836
596653
596517
596213
595826
595457
595448
595325
595311
595055
594917
594001
593752
593740
593707
593651
593483
593373
592767
592631
592570
592509
591848
591725
591659
591600
591524
591337
591304
591257
591183
591149
591145
591144
591039
590961
590835
590811
590717
590662
590296
590164
589732
589552
589547
589470
589410
589345
589275
588634
588446
588162
587901
587860
587626
587559
587357
587247
587108
586942
586921
586871
586802
586684
586618
586575
586448
586179
585991
585927
585736
585673
585640
585477
585270
584878
584813
584754
584738
584573
584562
584188
584125
583867
583863
583551
583291
583202
583089
582807
582754
582586
582542
582512
582502
582059
581876
581772
581411
580997
580981
580868
580670
580567
580300
580147
580110
580100
579987
579915
579831
579217
579150
579078
579054
579029
578989
578952
578930
578889
578860
578807
578771
578748
578681
578433
578338
578330
578148
577781
577491
577373
576628
576587
576063
575965
575580
575287
574692
574496
574487
574451
574258
574256
574246
574126
574085
574033
574030
573947
573916
573818
573795
573294
573254
573219
573140
572806
572794
572699
572389
572342
572226
572117
571780
571713
571496
571402
570919
570582
570565
570533
570411
570000
569823
569472
569372
569334
569172
569002
568795
568507
568486
568471
568411
568382
568113
568085
567948
567845
567522
567411
567351
567078
566605
566386
566281
565906
565656
565271
565028
564868
564568
564536
564494
564373
564248
563929
563896
563759
563454
563293
562901
561933
561888
561516
561413
560963
560583
560570
560470
560180
560102
560039
559776
559571
559561
559318
559299
559269
559131
558876
558803
558801
558753
558340
558115
557975
557948
557560
557424
557307
556951
556926
556594
556540
556508
556342
555797
555598
555167
554634
554390
554047
553976
553910
553874
553641
553619
553494
553448
553261
552866
552766
552263
552078
551628
551452
551335
551291
551094
550585
550271
549946
549875
549860
549857
549669
549524
549317
549274
548838
548474
548353
548034
547898
547445
547419
547078
547023
546887
546754
546576
546425
546369
546130
546105
545955
545358
545267
545244
544843
544815
544625
544449
544167
544051
543796
543766
543634
543586
543363
542763
542665
542636
542633
542601
542496
542265
542182
542093
542045
541848
541679
541511
541412
541266
541262
541223
540594
540550
540490
540133
539286
539006
538937
538911
538777
538588
538567
538375
538293
537510
537389
537330
537257
537208
537169
537012
536959
536874
536597
536033
535884
535694
535229
534892
534772
534725
534588
534517
534357
534290
534050
533892
533807
533785
533705
533157
533131
533007
532797
532713
532602
532539
532538
532010
531678
531489
531427
531421
531167
531075
531026
530813
530648
530648
530600
530514
529932
529693
529684
529648
529627
529314
529063
529056
528737
528659
528345
528178
527917
527802
527770
527553
527541
527499
527010
526891
526586
526493
526375
526156
526090
525777
525722
525646
525646
525588
525461
525299
525221
525161
524923
524877
524825
524040
523995
523530
523320
523313
523201
523140
522957
522896
522875
522797
522796
522780
522329
522227
522154
522033
522023
521987
521776
521519
521238
520917
520524
520167
520023
519867
519678
519520
519287
519211
518935
518642
518600
518144
518125
518012
517770
517673
517665
517655
517553
517530
517443
517181
517140
516911
516875
516655
516478
516452
516073
516069
515555
515378
515036
514947
514894
514798
514652
514515
514241
514200
514152
514107
513929
513706
513697
513439
513302
513245
513030
512989
512906
512803
512578
512509
512430
512168
511788
511773
511731
511563
511506
511187
511152
511140
511136
510897
510839
510788
510717
510582
510466
510371
510118
510096
509590
509563
509534
509506
507777
507630
507473
507310
507294
507238
507218
507193
507178
507083
506593
506375
506251
506224
506216
506207
506184
506148
505148
505122
504773
504609
504524
504430
504361
504180
504081
503931
503724
503621
503539
503334
503332
503217
503211
502842
502805
502777
502717
502553
502513
502394
502253
502238
502218
501995
501575
501477
501476
501430
500664
500195
500149
500083
500006
499377
499287
499241
498621
498466
498147
497878
497805
497686
497620
497592
497466
497355
496920
496626
496366
496358
496298
496179
496086
495867
494793
494729
494388
494276
493808
493553
493366
493333
493170
493131
493108
492961
492804
492766
492710
492441
492363
492346
492302
492149
491962
491949
491914
491541
491501
491426
491341
491094
490835
490772
490540
490515
490438
490433
489711
489485
489027
488903
488815
488812
488444
488327
488264
488011
487972
487941
487516
487345
487298
486961
486859
486471
486445
486436
486330
486242
485950
485867
485835
485229
484939
484614
484473
483804
483737
483203
483016
482537
482522
482255
482237
481586
481518
481422
481269
480977
480967
480819
480680
480639
480565
480533
480513
480473
480361
480280
479797
479757
479751
479571
479027
478785
478726
478424
478324
478102
478095
478078
477698
477687
477682
477507
477404
477185
476677
476638
476549
476473
476468
476439
476423
476222
475523
475521
475350
475169
474918
474911
474139
474050
474041
473912
473698
473653
473453
473228
472891
472770
472609
471822
471605
471488
471000
470944
470821
470698
470638
470594
469831
469784
469644
469563
469421
469386
469336
469209
469206
469144
469118
469054
469026
468982
468859
468615
468519
468518
468253
468123
468061
468048
468024
467838
467789
467418
467214
467069
466792
466426
466421
466024
465963
465750
465710
465663
465651
465646
465634
465251
465120
464992
464991
464840
464549
464282
464194
464193
464128
464104
464075
463827
463098
462993
462898
462610
462443
462256
462067
461911
461767
461556
461463
461176
461017
460809
460801
460740
460150
460113
460088
459890
459567
459355
459104
458940
458714
457925
457701
457442
457159
456490
456442
456266
456133
456041
456028
455831
455785
455600
455252
455131
454731
454730
454431
454353
454317
454168
454088
453923
453910
453577
453539
453529
453428
453135
452784
452726
452724
452711
452603
452331
452062
451899
451668
451595
451501
451400
451268
451153
451049
451029
450936
450855
450825
450753
450447
450311
450288
449952
449726
449524
449502
449482
449308
449164
449123
448688
448653
448229
448221
448057
448050
447875
447813
447566
447422
447282
447003
446986
446072
445889
445862
445776
445760
445001
444937
444876
444857
444689
444556
443973
443961
443950
443925
443866
443805
443676
443555
443548
443365
443025
442992
442623
442522
442219
442215
441758
441750
441674
441532
441518
441241
441100
441084
441018
440792
440521
440439
440397
440345
440188
439828
439699
439696
439329
438990
438478
438447
438439
437913
437715
437700
437696
437392
436687
436610
436341
436136
436051
435920
435837
435767
435721
435469
435368
435131
435045
434981
434423
434341
434322
434060
434027
433698
433691
433618
432578
432483
432461
432376
432277
432198
432156
431951
431789
431501
431456
431282
431035
431006
430878
430609
430499
430416
430299
430196
429985
429943
429822
429795
429687
429251
429109
428730
428677
428391
427813
427539
427323
427004
426553
425935
425918
425822
425778
425751
425645
425483
425339
425203
424969
424866
424821
424610
424545
424071
423883
423856
423774
423543
423208
423078
422752
422681
422429
422385
422073
421906
421870
421606
421601
421499
421312
421312
421295
421017
421007
420947
420772
420685
420675
420559
420209
419936
419700
419620
419507
419386
419381
419326
419244
418997
418738
418577
418537
418439
418253
417927
417852
417772
417684
417585
417383
417348
417282
417143
417002
416757
416681
416522
416368
416291
416182
416049
415967
415839
414960
414951
414651
414604
414506
414315
414065
414027
413281
412751
412666
412573
412480
412470
412402
411858
411377
411339
411294
411279
411165
411108
411100
410769
410620
410428
410409
410364
410276
410169
410134
409970
409871
409782
409737
409678
409576
409569
409432
409381
409103
408982
408965
408675
408227
408094
407988
407891
407714
407596
407071
406943
406940
406791
406121
405867
405818
405660
405593
405509
405404
405259
405055
404600
404447
403934
403856
403837
403737
403491
403292
402598
401834
401794
401597
401437
401246
401083
401055
400788
400679
400623
400566
400405
400274
400079
399729
399563
399412
399325
399156
399061
398664
398646
398551
398483
398473
398116
397939
397759
397746
397713
397588
397026
396837
396555
396126
395624
394958
394950
394452
394413
394253
393865
393713
393484
393391
393335
393276
393026
392978
392747
392696
392601
392592
392580
392479
392442
392232
392041
391758
391738
391700
391339
391329
391228
391119
391034
390993
390699
390616
390604
390562
390514
390449
390269
389910
389871
389759
389587
389517
389402
389307
389247
389161
389040
388911
388689
388685
388286
388259
388067
388065
387744
387206
387185
386905
386820
386595
386558
386507
386288
385859
385692
385550
385340
384706
384488
384476
384151
384022
383840
383516
383504
383447
383150
383122
383086
382750
382684
382676
382403
382394
382295
382290
382216
382216
382061
381798
381752
380394
380246
379587
379488
379341
378989
378760
378458
378296
378251
378029
378024
377993
377964
377902
377757
377710
377364
377153
376932
376595
376545
376496
376141
375903
375662
375431
375318
375314
375280
375261
375233
374965
374940
374864
374804
374777
374767
374748
374694
374642
374447
374383
374346
374184
374043
374022
373892
373833
373743
373715
373708
373101
372981
372260
372248
372191
372135
372051
371942
371936
371607
371596
371321
371284
370799
370553
370416
370013
369953
369930
369836
369677
369303
369302
369235
369066
369045
369016
368797
368662
368591
368505
367996
367719
367390
367322
367168
366639
366634
366512
366378
366304
365886
365756
365619
365398
365237
365228
365152
365075
364831
364718
364673
364662
364492
364361
364327
363964
363760
363599
363521
363415
363353
362792
362495
361943
361646
361372
361121
360966
360786
360758
360684
360554
360383
360325
360252
359432
359186
358860
358714
358062
357995
357974
357041
356749
356616
356616
356609
356393
355847
355810
355565
355551
355511
355289
355199
355150
355017
354926
354820
354813
354785
354694
354606
354265
354232
353929
353792
353699
353699
353459
353445
353384
353262
353010
352888
352804
352630
352528
352294
352011
351760
351689
351403
351086
351045
350776
350770
350728
350651
350242
350189
350013
349982
349792
349727
349561
349544
349489
349229
349099
348449
348195
348055
347937
347898
347835
347787
347591
347533
347376
346513
346484
346449
346223
346192
346088
345348
344726
344521
344102
343922
343877
343732
343716
343552
343467
343279
343219
342484
342474
342004
341939
341716
341656
341609
341282
341230
341170
341005
340837
340792
340780
340693
340682
340663
340604
340377
340234
340132
340109
340098
340060
339971
339951
339826
339678
339460
339082
339002
338862
338712
338651
338580
338534
338391
338173
338164
338033
337916
337873
337873
337693
337598
337501
337462
337328
337032
336909
336463
335885
335808
335611
335590
335444
335413
335397
335258
334976
334592
334447
334126
334098
333997
333976
333966
333896
333779
333755
333284
332859
332741
332598
332551
332306
332072
332044
331893
331871
331823
331609
331492
331344
331265
331249
331200
331022
330768
330497
330438
330373
330357
330333
330203
330141
329999
329885
329761
329484
329315
329169
329057
329007
328521
328425
328347
327965
327558
327539
327534
327514
327224
326682
326130
326071
326032
326028
325933
325848
325696
325685
325596
325392
324835
324803
324675
324186
323713
323671
323511
323441
323308
323131
322914
322887
322709
322155
321968
321771
321627
321616
321530
321468
321191
321004
320978
320959
320923
320589
320537
320535
320422
320378
320365
320122
320027
320007
319979
319936
319757
319606
319405
319195
318820
318741
318612
318539
318522
318369
318364
318286
318258
318063
318060
318048
317992
317600
317448
317341
317332
317032
316937
316683
316263
316069
316037
315770
315709
315286
315016
314969
314907
314376
314238
314097
313226
313036
312845
312646
312319
311733
311567
311521
311006
310849
310778
310707
310483
310376
310312
310250
310139
310032
310028
309929
309501
309443
309256
309062
308992
308844
308668
308557
308500
308489
308408
308396
307843
307545
307472
307312
307248
307141
306997
306704
306498
306438
306335
305927
305861
305848
305817
305265
305053
304828
304627
304535
304521
304165
304133
304014
303976
303826
303649
303613
303362
302957
302722
302442
302428
302250
302210
302176
302149
301979
301580
301453
301332
301319
300815
300656
300561
300520
300404
300360
300293
300196
300123
299913
299658
299641
299115
299070
299061
299043
298997
298947
298939
298913
298580
298360
298316
298270
297492
297269
297004
296913
296723
296636
296587
296528
296395
296368
296366
296346
296189
295535
295525
295277
295133
295036
294700
294503
294428
294394
294003
293846
293578
293500
293180
293166
293079
292886
292676
292656
292272
292051
292014
291991
291784
291504
290980
290712
290684
290623
290510
290465
290410
290191
289527
289276
289141
289109
288900
288665
288590
288360
288337
288303
288266
287852
287735
287727
287487
287451
287429
287325
287292
287284
287082
286895
286590
286492
286452
286421
286385
286191
286138
286008
285918
285657
285650
285341
285337
285140
285138
285091
285049
285032
284629
284593
284578
284506
284397
284389
284131
284118
283889
283825
283794
283781
283667
283113
282972
282926
282840
282378
282271
282100
282002
281950
281774
281706
281704
281533
281344
281223
281071
280812
280801
280625
280550
280491
280456
280448
280162
280094
280036
279969
279017
278936
278765
278699
278544
278301
277893
277871
277770
277738
277736
277603
277368
276964
276897
276311
276214
276086
275930
275636
275563
275427
275225
275200
274906
274703
274461
274407
274353
274292
274201
274049
273288
273036
272838
272676
272623
272622
272535
272265
272258
272196
272177
272160
272016
271751
271362
271188
270814
270763
270627
270474
269736
269473
269352
269286
269123
269117
268659
268610
268511
268351
267820
267683
267598
267429
267375
267353
267323
266899
266881
266186
266180
266144
265996
265932
265931
265893
265486
264856
264840
264661
264611
264565
264364
264113
264066
263927
263924
263665
263226
263218
263122
263082
262532
262084
261930
261807
261728
261703
261696
261571
261496
261491
261366
261305
261149
260931
260871
260839
260289
260001
259402
259001
258892
258754
258531
258239
258094
257999
257940
257748
257556
257491
257238
257187
257110
257026
256973
256839
256722
256643
256388
255947
255827
255729
255726
255494
255492
255479
255402
255383
255167
255047
255036
254923
254861
254805
254564
254033
254012
253930
253871
253469
253128
253040
252708
252689
252593
252157
252146
251656
251649
251502
251442
251011
250935
250933
250770
250598
250474
250469
250457
250310
250255
250119
250106
250004
249853
249814
249677
249473
249278
249231
248935
248911
248874
248560
248384
248337
248335
248274
248204
248056
247563
247557
247451
247293
247264
247251
247156
247018
246892
246512
246157
246132
246097
245981
245914
245905
245689
245683
245662
245603
245577
245568
245158
244659
244505
244295
244042
243922
243860
243589
243575
243528
243309
243097
242955
242909
242817
242502
242465
242454
242422
242322
242158
242111
242031
241959
241686
241453
241446
241236
241100
240849
240759
240720
240577
240338
240260
240095
239856
239562
239539
239184
239145
239087
238890
238849
238843
238820
238800
238363
238216
238139
237860
237850
237441
237206
236940
236839
236667
236452
236447
236173
236119
235612
235433
235426
235329
235300
235136
235029
234903
234792
234764
234620
234612
234472
234247
234238
234070
234022
233978
233625
233292
233251
232671
232510
232433
231279
231267
231017
230738
230651
230381
230305
230043
229895
229595
229407
229376
229328
229148
228486
227932
227918
227331
227204
227155
227144
226893
226868
226726
226689
226610
226405
226156
226109
225806
225698
225682
225572
225114
224898
224789
224633
224632
224507
224386
224281
224235
224088
224027
224012
223907
223783
223735
223716
223453
223409
223375
223248
223072
222591
222582
221949
221893
221490
221292
221218
221202
221174
220740
220623
220539
220482
220429
220318
220106
220060
219745
219679
219629
219470
218864
218803
218793
218700
218601
218198
217934
217830
217777
217746
217645
217578
217456
217361
217307
217249
217133
217059
217051
216925
216500
216490
216437
216250
216228
216224
216146
216131
215906
215857
215760
215424
215381
215268
215196
215017
214741
214625
213887
213633
213476
213452
213406
212650
212513
212510
212267
212077
212059
212046
211572
211412
211376
211344
211257
211204
210930
210893
210880
210768
210445
210196
210074
209973
209829
209569
209338
208846
208827
208736
208623
208553
208462
208271
207575
207517
207465
207459
207442
207439
207213
206877
206806
206486
206453
206295
205946
205815
205789
205779
205389
205226
205154
204166
204010
203984
203970
203878
203659
202917
202837
202788
202786
202763
202704
202414
202350
202249
202156
201755
201677
201549
201446
201342
201123
200923
200922
200766
200586
200525
200336
200167
200068
199982
199917
199789
199672
199633
199575
199374
199216
198876
198870
198617
198287
198227
197955
197701
197535
197493
197194
196958
196819
196295
195836
195821
195786
195503
195438
195255
195126
194921
194767
194106
193573
193230
193190
193054
192700
192557
192446
192106
191896
191886
191753
191665
191642
191000
190931
190820
190687
190661
190312
190204
189995
189763
189604
189569
189132
189129
189051
188867
188582
188436
188215
188084
188060
188042
187953
187908
187850
187446
187420
187336
186971
186848
186792
186623
186464
186450
186372
186331
186207
186156
186142
186104
185815
185802
185783
185694
185265
185144
185074
185013
184549
184494
184250
184064
183940
183406
183119
182897
182777
182562
182334
182200
182033
181947
181888
181810
181260
181190
181080
180967
180587
180262
179947
179878
179800
179766
179649
179646
179482
179413
179407
179071
178924
178673
178441
178320
178223
177987
177964
177688
177675
177405
176892
176228
176174
175643
175620
175501
175394
175344
175309
175068
175050
175011
174928
174744
174612
174519
174467
174268
174122
174111
173897
173877
173759
173462
173453
172980
172888
172802
172565
172537
172328
171571
171459
170915
170418
170401
170315
170247
169956
169887
169844
169752
169662
169589
169228
169112
168221
168119
167994
167979
167360
167119
167076
166656
166486
166463
166440
166223
166062
165667
165563
165420
165253
165045
164952
164445
164430
164137
163798
163223
162843
162387
162309
162127
162026
161942
161901
161728
161651
161102
161065
161046
161026
161005
160793
160252
160194
159904
159868
159706
159072
159067
158774
158695
158668
158638
158633
158425
158381
158082
157957
157809
157508
157307
157023
156988
156957
156694
156681
156412
156319
156176
155525
155350
155108
154766
154703
154438
154216
154083
153841
153790
153470
153396
152924
152803
152271
152087
151983
151758
151742
151567
151559
151518
151286
151261
151172
151138
151013
150599
150576
150463
150454
150350
150311
150290
150006
149945
149744
149734
149731
149210
149078
148969
148853
148823
148811
148701
148701
148566
148506
148434
148343
148308
147989
147977
147871
147766
147664
147282
147109
146281
146065
146028
145957
145715
145479
145468
145337
145182
145081
145066
144995
144865
144855
144705
144128
143837
143508
143279
143094
142940
142842
142686
142675
142389
142240
142214
141930
141836
141696
141653
141311
141277
141258
141203
140927
140910
140617
140588
140357
140232
140109
140011
139985
139922
139662
139292
139286
139170
138970
138823
138751
138578
137857
137708
137641
137626
137380
137267
137137
137058
136529
136443
136428
136341
136238
136184
135958
135906
135901
135818
135571
134959
134643
134450
134305
133473
132805
132748
132669
132441
132059
131910
131900
131893
131880
131807
131710
131455
131309
131246
131240
131217
131209
130944
130890
130821
130819
130650
130605
130587
130537
130519
130155
130119
130049
130004
129781
129772
129330
129272
129112
129096
129081
128801
128741
128704
128592
128366
128341
127687
127159
126996
126950
126719
126381
126182
126157
126126
126000
125993
125750
125677
125417
125356
125352
125150
124698
124696
124692
124215
123739
123576
122669
122529
121612
121521
121334
121264
121059
120579
119912
119700
119517
119505
119300
119007
118992
118796
118642
118350
118287
118265
117790
117540
117531
117417
117404
117021
116931
116686
116545
116541
116458
116090
115951
115893
115830
115717
115709
115494
115360
115233
115204
114746
114660
114536
114424
114134
114018
113838
113832
113639
113305
113174
113138
113112
113059
113036
112942
112847
112831
112795
112769
112556
112340
112284
112190
112174
112139
112125
112084
112067
112059
111698
111490
111239
110680
110399
109874
109763
109514
109461
109375
109306
109209
109051
108857
108461
108254
108248
108068
107917
107814
107776
107549
107334
107120
107039
106939
106921
106851
106694
106593
106543
106521
106434
106222
106066
105864
105667
105653
105651
105524
105497
105486
105357
104957
104788
104635
104526
104501
104313
104277
104241
104236
104163
104147
104031
104009
103930
103927
103420
103391
103237
103048
103014
102607
102525
102495
102359
102302
101976
101773
101749
101616
101492
101302
100910
100877
100759
99938
99878
99809
99638
99570
99281
99241
99064
98784
98583
98583
98187
98127
98053
97872
97666
97399
96946
96885
96795
96725
96538
96518
96504
96427
96264
96213
95778
95300
95222
95196
94851
94777
94678
94652
94587
94565
94228
94127
94075
93939
93798
93639
93345
93139
92831
92592
92575
92179
92169
92153
92112
91367
91269
91167
91101
91080
91053
91024
91012
90545
90428
90145
89913
89817
89322
89285
89264
89097
88817
88720
88661
88433
88217
88153
88106
88096
87915
87740
86941
86783
86566
86517
86279
86272
86219
85459
85326
85299
85095
84692
84546
84478
84453
84369
84296
84271
83831
83830
83405
83166
83122
82683
82615
82503
82391
82335
81856
81740
81721
81418
81391
81379
81166
81064
81051
80909
80872
80723
80627
80004
79902
79811
79809
79558
79552
78952
78774
78686
78603
78568
78121
77996
77969
77940
77264
77250
77245
76832
76626
76515
76232
75974
75765
75715
75474
74854
74845
74836
74634
74558
74386
74373
73424
73297
73277
72955
72486
72344
72322
72214
72165
72155
72084
72081
71871
71538
71523
71503
71134
71109
71024
70997
70785
70772
70760
70521
70422
70290
69754
69693
69471
69458
69458
69446
69417
69360
69332
68990
68877
68699
68497
68480
68213
68022
67949
67226
67194
67151
66936
66935
66923
66755
66655
66550
66415
66275
65678
65660
65608
65281
65271
65107
65066
64897
64539
64407
64186
64095
63380
63298
63273
63096
62854
62814
62597
62541
62195
62148
61989
61839
61817
61691
61546
61543
61541
61362
61204
61157
60742
60599
60207
59810
59749
59583
59281
59190
59160
59148
59147
59079
58984
58804
58739
58667
58633
58378
58251
58242
58227
58026
57866
57708
57662
57600
57527
57418
57140
57086
57011
56995
56738
56693
56446
56401
56396
56269
56169
56167
56072
55931
55818
55757
55756
55653
55615
55290
55025
54599
54516
54478
54406
54127
54035
53879
53722
53717
53504
53128
52837
52835
52788
52756
52665
52575
52534
52473
52112
51817
51665
51617
50562
50082
50054
50016
49977
49716
49691
49557
49303
48481
48455
48399
48265
48225
47871
47647
47524
47326
47132
46548
46426
46055
46030
45646
45495
44992
44930
44927
44354
44293
44236
44050
43972
43855
43490
43276
43129
43056
43009
42993
42982
42964
42337
42269
42132
41946
41945
41934
41634
41414
40847
40779
40697
40635
40492
40377
40218
40016
39881
39680
39607
39532
39381
39296
39227
38939
38689
38190
38041
38033
38018
37589
37553
37140
36938
36551
36451
36380
35994
35906
35797
35460
35396
35289
35204
35035
34919
34880
34604
34595
34277
34194
33969
33875
33840
33726
33695
33666
33650
33633
33375
33341
33279
33145
33070
33036
33024
32988
32713
32685
32665
32628
32272
32161
32042
31966
31818
31681
31646
31642
31609
31488
31351
31279
31214
31195
31083
31077
30956
30770
30750
30659
30560
30519
30446
30324
30079
29987
29962
29611
29561
29296
29197
29183
28988
28935
28891
28823
28808
28644
28483
28303
27524
27208
26465
26372
26266
25985
25921
25920
25694
25599
25144
24681
24477
24295
24049
23165
22980
22940
22848
22692
22684
22539
22339
22192
21628
21489
21396
21367
21293
21279
21202
20722
20498
20314
20309
20158
19932
19811
19788
19556
19530
19459
19427
19399
19227
19160
19159
18922
18699
18666
18232
18162
17787
17688
17685
17608
17549
17444
17269
17161
16754
16728
16590
16566
16385
16249
16196
15848
15572
15368
15312
14906
14230
14046
14006
13898
13893
13848
13744
13514
13483
13391
12927
12916
11747
11543
11500
11149
11127
11068
11031
10996
10722
10643
10540
10394
10178
10067
9504
9274
8914
8829
8237
7920
7424
7330
7294
7145
6858
6661
6626
6463
6419
6396
6359
6348
6230
6031
5446
5390
5378
5336
4982
4729
4632
4445
4418
4396
4252
4228
4143
3806
3635
3156
3011
2433
2249
2220
1806
1787
1542
1391
964
823
540
8