703016
221949
389517
676313
750874
460809
719642
667281
976164
81379
761542
674438
255726
669467
802829
924485
746886
614034
418738
559269
492961
981015
981926
569472
625023
365228
294700
449308
81418
179407
320007
421312
312319
862096
382684
393484
788637
648288
555598
717651
880469
227155
427539
206486
865882
517181
219629
186450
486330
68213
453529
959096
901326
735481
104957
195786
248204
88720
417852
91367
590296
400679
39532
918791
635914
486961
734891
201755
827727
260289
384151
885098
450311
408965
334447
53722
794337
650055
407596
449123
546369
712600
422752
299641
503621
789571
104009
523530
159904
532797
644007
788883
330141
666654
820329
469144
630822
522780
717395
471000
261149
388065
346192
314097
640864
343877
543634
398473
96427
620269
687477
405509
889653
506207
401597
651383
13514
310139
186331
292272
652904
364492
658114
373101
714577
337462
694030
590662
444876
452331
101492
608252
506251
353010
468982
525221
646154
218864
349099
939693
210445
369303
255036
560102
990698
465663
223735
319757
987979
402598
289527
431282
512906
429251
704642
511773
616135
681004
720421
844066
44930
641811
670051
751974
918933
674280
660372
17549
290623
812015
34277
220318
909260
306704
548474
304535
934442
883278
998857
676521
559571
475521
52756
773309
521987
595055
964590
263927
341282
154703
400623
946389
81051
243575
159072
527553
463098
654901
333779
754086
253871
462610
568795
896319
722446
642197
582754
296366
374642
486859
507218
235329
70772
390449
165667
989445
670233
217307
731936
310483
151013
664667
285337
849223
948274
464840
277368
386595
974501
739551
794704
960121
907588
669567
822841
576587
288360
600881
166463
186372
896487
790783
766794
389871
941423
109461
547898
59810
29987
425483
843232
459890
807174
155525
701424
742833
203970
337873
425778
643938
596653
147989
887848
519287
674388
693409
570919
474041
524877
400079
985154
777089
349229
855864
431789
283667
129096
933058
23165
346484
158695
175620
833607
231017
151172
30750
289141
514241
971293
538375
457442
355289
758707
936507
284397
114536
684965
861038
526090
627299
2249
299658
830023
298947
76515
415967
213633
899180
709447
817171
714006
556508
34604
678622
794395
864782
617906
18666
443961
862120
135818
770730
132669
502805
565906
251502
711869
245568
540490
69446
748406
553976
685743
758954
417772
713617
145715
500664
118350
265996
569172
154216
323441
66755
285138
148969
293079
279017
307248
705148
489711
114018
68022
533157
872008
760780
136238
256722
74558
71503
353445
400405
788474
771518
314376
938666
465646
178223
277738
234620
474050
407071
470944
265893
754502
177964
174122
250310
527541
229148
441100
534357
145182
822280
514107
818070
333997
636017
351403
226610
662645
101773
105864
638814
500149
591848
471822
900247
272177
587108
793647
493170
837061
319405
736313
153396
816320
637549
723069
181260
261305
55931
730671
444689
443365
45495
174111
307545
795566
62541
414960
76832
552866
31818
19811
678606
732510
482522
615018
329057
128741
182334
611505
31351
12916
620796
654819
866363
551452
355810
668437
960060
779996
826631
579029
992863
737805
690704
816298
340132
777379
960594
480361
652847
304165
43855
970844
418537
197194
137641
519520
893064
101976
86566
989242
700312
611460
49977
131455
422385
15312
930079
617019
241959
39607
972754
292656
851566
797528
478424
885097
538293
613085
860269
376496
29611
569372
874056
543363
696487
987433
331265
640175
344726
716460
269473
973522
392442
79558
72486
382295
513929
4418
51817
959958
835197
639810
880348
716250
124215
977419
717825
137708
659962
553910
510096
599409
73424
59749
467838
365886
242158
597632
223783
205389
331609
196819
328521
496366
784013
66275
335885
61839
572389
83166
170315
784403
453910
419381
887379
310376
527770
198227
513302
685121
158381
864825
641901
98187
855853
926383
493553
572226
735212
942891
524923
311006
308844
353929
52534
240577
109874
71109
570411
127159
627863
641083
142686
921092
197493
603829
478324
987487
837790
873660
689349
250119
170915
967678
621202
618990
440439
715610
119300
523201
640387
795283
70760
872616
509506
751183
568486
975951
224027
216224
826123
293180
181888
353459
651236
654022
11543
377757
43056
991738
214741
896789
717659
167994
822314
52112
224898
298997
192700
514652
31214
258239
674039
19399
920117
282100
488264
800173
525461
526156
142940
829503
155350
976976
375318
944304
658162
224088
580147
940651
231279
185074
35906
129781
215381
807164
622643
861642
691894
459567
898727
108068
648926
609798
106434
870426
125993
852965
363415
559299
278936
704575
358714
436687
451153
765675
337873
182562
290410
440345
944137
114424
631490
179071
250933
238363
862400
735008
251442
509590
571713
200068
261571
335397
19788
776951
725412
895195
357995
601662
597807
30446
982570
230651
329169
397588
151742
157307
71134
529648
11149
248337
974161
568411
606689
100759
613192
994254
33070
523320
217249
700999
48225
949859
18922
788879
85299
693775
729947
436051
417143
980185
827632
745311
650335
633875
568113
987873
844056
519678
578148
836570
805496
570582
974523
543766
130587
922276
721479
212059
533007
198287
748398
388685
460801
535884
772127
452726
58984
846690
700594
937176
918824
302149
261807
300404
510897
584188
485950
559776
346513
450936
528345
281344
512509
979870
866365
646373
278765
332072
224632
552078
370416
549669
589732
164445
844782
822316
396837
688987
863288
337501
361943
785291
939980
201446
220060
397746
230738
790842
860851
104277
968591
263218
67949
223248
751678
449482
397759
516452
625645
858740
541679
947554
52473
355511
418439
392479
148701
130605
553641
650271
179947
229376
724950
827496
20722
346223
104241
742372
246097
835980
587247
93345
252689
604315
236119
435045
542636
974413
769362
973874
469118
834116
192446
830038
570565
938957
392978
749947
290465
57866
96213
675065
165045
578989
374940
298580
956200
421499
623800
429822
170418
152271
622077
450447
973569
676804
680682
875032
833404
748870
118287
998339
62195
839742
799706
988316
951194
412666
470638
438439
398483
503332
17444
646041
711850
52835
602123
640480
493808
259001
611072
105653
235029
337916
57600
972596
227331
431501
719119
612061
759346
822401
228486
612326
125352
747911
819833
939851
743575
411377
949387
126126
587357
93139
238849
848433
933382
732881
461017
917463
14906
69332
438990
419620
832380
244659
501430
57527
378029
948355
720418
46055
522896
768852
393335
293166
617046
167076
638994
817151
56072
272535
620673
430609
304627
977042
912121
791708
211412
363760
497805
207442
55290
931524
190661
58026
484473
814997
443950
48481
139286
464193
226868
663022
391700
338862
964660
830093
378989
832389
814459
511187
997362
454088
14046
383086
516875
710602
326682
104031
305861
164137
430499
522875
62148
603453
902686
914975
172802
479571
842986
174928
213887
150350
400566
491914
59160
342474
812543
290712
640901
770045
448050
43276
112556
240720
771233
645269
285049
860660
84369
334976
309443
185013
210768
632768
415839
910533
245905
613209
347835
369016
569823
680889
164952
545955
424969
607647
747101
794654
542182
964834
924484
129772
421295
320978
488444
115204
777238
185265
766681
762179
956168
544167
332859
863854
2220
213476
1391
680114
957933
754092
706581
210074
456266
199374
461556
652525
697806
343279
362495
862455
910209
987406
695531
636078
232671
408227
263924
529063
280801
404447
441241
186104
670441
827612
440188
835255
451899
425203
276214
837464
698851
798020
745613
861967
841980
265932
921818
484939
752409
657158
477404
541412
568507
801117
161942
517665
863546
177688
781113
855651
329761
284578
546754
134450
568085
721287
746857
816385
763724
104236
793233
208623
368505
957696
959211
982249
292886
888079
61989
764591
31077
854481
318369
602358
229895
169956
305053
250935
750613
672611
215760
242422
549946
255402
103391
344521
509534
224633
387744
997918
874358
39296
234238
884288
964401
682717
758491
599923
112084
998239
171571
411858
695828
301332
635075
260001
617004
196295
614318
889537
918892
409970
306438
369953
461463
279969
11500
331871
242111
165563
178924
401083
363964
477687
198617
367322
496358
393391
624238
479757
468048
323511
930760
949612
365619
182200
13898
345348
67151
421870
835904
778099
868502
749488
930055
707689
714653
223716
630450
582512
195503
144865
285657
515555
542265
721568
428677
59190
745103
414951
78121
161005
725808
976668
979902
56446
101749
512803
665959
16590
782052
125356
236839
583863
533705
318741
591149
824752
499377
360758
83122
769760
304828
44293
31279
82683
436610
734827
568382
304521
85095
429943
879411
672160
653132
706464
758010
744732
399156
321191
676214
20498
393865
301580
906589
964
281704
86941
81740
106921
220429
613323
57011
968385
592767
847271
675597
465251
372260
755548
186848
886342
791289
953464
258531
561413
772280
137626
487298
968991
130004
138823
795173
286385
834477
286421
552263
445889
202414
94777
803297
812934
10067
162309
218601
650670
530813
245662
999298
648044
13893
319606
424545
280036
369677
586871
587626
239856
964859
641183
889599
90428
32628
977989
91080
864583
721051
619525
912450
806135
291991
975117
105667
425751
121612
180967
248274
970817
885238
282378
207575
367996
193190
849184
340792
382290
106851
542763
248560
265486
264611
859345
554390
267429
370013
940729
872437
691861
862917
358860
374804
269123
288665
549317
112174
130155
630358
511140
46426
157957
622129
70290
631140
753364
745300
544051
504430
547445
611772
241686
406943
586684
178441
546425
319936
350189
691723
335258
88153
221218
441750
774529
333755
321616
760050
865089
899838
239145
673811
131246
468061
161728
91269
861123
936811
31642
66415
156319
330333
658112
301453
19427
56169
554047
298939
272016
494276
574033
726974
812489
149210
55818
718956
701683
374748
144128
901096
635988
135906
655881
912297
679450
435920
551094
247156
224235
199917
797848
839955
530600
121264
631258
783005
517655
4396
611698
352630
64407
724337
579078
480565
425645
650142
156412
861902
103930
81166
126381
567411
294503
217830
328425
375280
79902
707796
935791
997779
169752
854430
53717
445776
702707
524825
585640
760067
497466
77250
105357
220740
22980
815543
631376
113639
851284
625935
788454
438447
869374
89913
534892
238820
255947
988451
323308
739008
126996
149744
683371
56693
684629
867449
905427
48265
595325
788076
95222
456133
623882
957926
62597
975981
917192
772277
251656
94652
962685
936462
163798
156957
205815
105486
138751
340060
343922
959828
537389
458940
840015
210196
591304
877521
302250
488011
150454
102302
954875
836600
936489
903852
736622
611877
210930
236667
919977
665503
696136
443925
821417
533807
410169
506216
999100
448653
275427
877848
777230
365756
525646
310778
30659
960538
541262
322155
496920
461767
848751
443973
126719
761854
792891
758670
540133
651102
374694
75974
910833
389247
419936
99570
430878
706250
947911
503931
661855
445760
722807
18699
992288
999448
848243
382394
412402
755868
531421
963586
412470
857371
913146
886903
873440
225682
80872
755563
717980
825773
503217
511136
243309
728735
367168
809459
35289
107917
435131
209338
595826
516069
44236
794888
615522
272258
250255
584738
859402
403934
939254
355199
337032
590961
927938
186156
390993
817979
857986
45646
352294
850759
39881
193054
623684
334592
476549
853620
606012
15368
181810
434322
386905
39381
411279
951148
718357
645180
774787
183406
57140
638968
432277
296368
207459
655542
366634
885874
57662
924766
782955
19556
986213
800093
530648
780998
434341
33375
187420
940626
47524
884431
468253
845119
641022
140011
456442
40847
608506
538777
349544
175068
152924
810612
991252
331344
751471
254861
845853
339951
142214
392580
556951
936722
801587
788276
586448
224281
109514
777172
455131
264066
686263
708909
875467
242031
728766
591659
295535
94587
288900
815902
275930
839559
610909
337598
659607
195255
608092
834988
494793
91024
210880
460740
113832
887369
903321
544625
397939
117531
94075
536033
143508
830752
373892
439828
264565
349727
212650
819812
301979
468859
863472
286452
166440
665299
815815
875951
245981
422429
188582
572699
99064
998702
72214
116458
224012
941365
533892
824452
175344
200336
722845
234022
57418
557424
710626
339460
344102
338580
11747
444857
406121
669084
755452
478726
823548
651937
977254
373715
583291
711732
959501
760617
867366
477682
573140
740530
433691
634935
902992
513245
832344
764639
369302
604157
623281
925289
19932
144995
342484
825680
64095
941806
33875
44927
949756
510839
964849
134643
407891
131209
565656
664849
954382
760553
894822
111239
547419
666146
993806
113112
655794
130519
902248
261930
996271
863757
867836
981499
622964
685244
77969
85459
517140
986675
722173
969029
313036
454731
215268
787560
702647
388689
237206
866094
9504
874661
675008
123739
957740
938110
325685
896860
650688
72084
39227
189763
940220
642323
310707
529056
663614
17161
885633
680995
963342
611052
770486
846274
765689
42964
300196
218793
449726
698942
335611
387185
480280
424610
579831
33341
364327
551628
199672
285918
37140
801898
525777
460113
4729
969234
889589
545358
276086
409737
182033
11127
755499
36938
91053
982165
555797
116931
961629
542093
115830
697432
58227
914422
660628
441758
598819
464104
875958
309929
268659
999743
264113
161026
331200
703677
579150
465710
451668
756911
800529
659693
752115
337328
875616
661447
960772
33695
125150
176892
473912
22940
16249
541848
381798
841286
300360
444556
217051
874525
399325
801409
604325
417282
628316
911413
923529
841293
606429
779917
99281
233292
996307
267683
255492
138970
961548
202786
240759
633244
896689
717883
922505
677228
632009
808464
248384
483203
203984
708383
226893
735409
340109
730145
945005
166486
647196
63298
492766
871872
718252
645571
913923
848261
582586
563454
489485
175501
767762
206806
412751
754727
61157
206295
466426
225114
337693
320535
189132
291504
893254
148811
828539
935191
695097
159706
727919
891065
968650
553261
6858
497355
131807
632748
227932
81721
586618
701246
956861
306997
825638
699652
883858
234472
947087
480513
898633
401246
330203
875877
366304
869309
604317
656818
308557
601250
224789
172537
292051
63380
828154
827778
670520
420685
689111
513697
712258
10394
478102
669431
728027
674919
943687
982404
98583
671500
526493
537012
725807
28483
492346
933971
294428
818417
211257
725103
368662
713041
559318
83405
280094
855331
625057
68699
443805
414651
662127
490540
672810
281706
89097
250106
768987
832171
394413
855867
239562
915396
51665
614266
282926
752009
893939
589547
625986
627238
189129
511731
137857
899576
864347
391228
766179
271188
449952
298316
141836
996564
387206
876870
993787
919826
942782
513706
372981
22192
129112
986471
490835
966184
439699
636278
564536
680738
392747
799451
216500
501476
578771
649433
411100
272623
472609
781230
369045
304133
304014
605726
274906
22692
589410
59281
946031
486436
773085
993111
42993
412573
148853
194106
259402
525161
523995
464282
172565
280550
898168
722059
318364
784219
638097
455831
935310
834562
229407
180587
469336
418997
630724
82391
81391
574496
430299
236452
641727
967293
364361
99809
895483
433618
574451
887376
742714
130049
757208
56396
996190
140232
108254
870668
717618
676205
335808
574246
4445
19227
859180
58804
692899
840862
836277
654696
772407
514798
330497
210893
300520
910190
104635
701010
510371
299043
161102
915037
540594
618935
59147
4252
635861
461911
207439
414065
785480
526586
723053
148566
44992
662375
912337
256973
736480
612992
787382
847097
145081
331893
364718
333896
441084
999740
767103
979031
272622
476222
953838
245683
762833
385859
847270
798397
504081
886048
70785
21628
478078
890053
209973
748986
141311
255047
488903
980061
569334
7330
10722
846402
338033
137267
997302
988337
994475
199633
403837
773793
614776
518144
941127
805141
465634
308668
64186
390562
118265
191642
757061
83831
972132
455252
655524
605184
74845
899346
409432
77996
226726
574085
744050
923615
800038
283794
130119
318048
859042
253128
50054
583551
546887
99241
682863
784870
27524
977351
579054
658711
140588
812827
680812
630238
209569
58251
872697
169589
153790
887870
405867
363353
479751
38190
36551
849428
751013
28644
833704
84271
720897
254033
409678
574258
703530
24295
467214
656490
366378
431035
448057
42269
902522
255383
858478
383504
688198
845571
212510
880919
950763
87740
884523
667150
994493
624312
471488
99938
195126
414027
264364
30079
712265
699255
340098
577373
104526
923946
374864
405660
33650
718154
681427
188060
908345
104501
996074
819582
446986
645735
102525
167360
40377
853363
313226
578681
936192
976727
581876
233978
743192
186623
182777
449502
396126
331492
851174
139292
72081
503211
631880
216250
188215
472770
280491
408982
669688
303826
287325
263665
106521
531075
639026
22848
75765
734405
285032
257556
40016
448221
557307
473698
659649
675923
965418
84546
510466
729203
347533
576063
637807
135571
703742
114660
950493
987215
360252
216490
529627
911209
998168
405818
688343
318820
278699
247557
336463
422681
327514
874868
296587
115893
242909
130650
343716
72955
993798
641808
246132
694949
854835
417383
354813
597578
25144
234247
994201
54127
991873
803062
956155
992090
96725
798378
502717
66655
349489
604260
74854
882844
215424
653307
54406
439696
663234
250004
294394
533785
326032
136428
41946
878822
993239
677457
538937
665561
116541
374383
497592
421606
536874
364662
527499
959715
696500
49557
765007
960199
406791
160793
601049
299913
369066
493108
351760
428730
516911
424821
514515
137137
642710
651863
394950
599753
95778
799647
470698
630257
186792
485835
466421
903497
654293
722747
431006
527802
800565
640662
480977
665092
383122
968976
280448
692855
698011
274201
983607
516655
418577
937478
854943
8237
978763
350242
219679
189051
348195
619388
41414
308992
945321
497878
351689
416368
481518
794090
897622
727556
694696
249814
880944
166656
384488
389402
998597
783737
411339
16754
176228
61546
500083
591524
220623
836713
490515
938859
454353
52575
835194
54478
641209
914807
47326
560470
203878
553619
791843
835190
541223
33024
810039
999234
964417
393276
605419
394253
791205
427004
991745
566605
131309
522796
305817
175050
583867
340234
958854
172888
659588
356616
657967
370553
96885
111698
140927
694817
6396
768974
852393
502513
173897
58667
96504
187446
905195
469026
140357
56269
646415
847372
155108
360966
897094
369930
758803
548353
552766
651853
583202
519867
787662
613785
836299
702674
752896
579915
286895
675175
759297
447003
717418
44354
434060
983806
669423
502553
913760
788779
361372
549860
891993
528659
948008
615533
745641
793999
297492
336909
915807
234764
714768
785108
136341
513439
92153
384706
303362
558340
868991
962507
293500
993507
275200
883640
573254
582502
730794
800228
88106
68480
311521
354820
109306
257238
76232
174744
480639
416681
628576
5336
853462
208271
182897
980275
86272
223409
28891
646446
670765
348449
395624
999061
148701
86279
43129
101302
666514
52788
943461
42982
202249
786829
959151
28808
86219
571496
3635
496626
92112
487972
682059
83830
240849
784925
139922
606936
525588
788598
577491
986748
594001
537208
820540
640671
96795
32665
617543
602264
622465
752487
197535
499287
706060
255827
287292
963969
758937
483016
836279
218198
161046
573219
230043
61541
71871
468024
438478
657658
578889
17685
921268
591145
688852
546105
354785
159868
937395
78774
788219
364831
889470
924590
436136
713546
291784
235136
707607
6661
320027
318612
691798
13483
223375
53879
784043
597565
893449
710080
179800
681178
698052
241446
84453
330438
963416
132805
677834
268351
376545
699075
783551
479797
992741
985327
273036
264840
55757
7145
861159
847296
715231
48399
148506
78952
501477
341230
651490
846752
407988
443866
531427
195821
796173
316683
33279
994288
359432
892031
797185
796270
992659
69417
8
139985
622778
356616
541266
957842
604544
117540
759036
245603
619557
1806
126000
403292
491501
94851
932319
558753
595448
114134
906993
270814
771209
796109
545244
601390
751553
326130
704033
46548
531678
286191
312646
846423
112139
20314
980961
220106
414604
831176
232510
376932
553494
893540
855357
825415
930651
536597
360786
960951
983718
850522
507630
942790
388067
383840
71024
916411
907079
822867
774402
866307
789279
177987
321627
289276
945770
669159
109209
496086
617867
221202
714026
250474
255167
656671
841133
399729
985682
567845
158638
714451
478095
818837
15572
403491
904561
208462
945125
857567
615156
416757
382403
797971
909514
257187
322887
602139
965757
422073
475523
905978
270763
882234
31681
522154
440521
591183
242454
50562
895253
22539
32161
320959
906047
377964
828602
215857
649384
811550
413281
778006
119505
668864
811966
914419
446072
102495
333966
331249
740847
937317
410428
355565
353699
541511
339678
607014
520917
584813
942488
542045
4228
306498
99638
32713
665564
34919
403856
299070
65066
660418
880004
729006
741794
358062
731654
427323
695879
560039
184250
651107
678614
812677
548034
628961
493333
229328
950517
383516
671029
200766
274703
940859
217746
635354
653796
314969
991255
923443
980926
133473
730813
924242
553874
85326
149731
765656
334126
770465
517553
861311
848636
271751
432198
964290
892983
22339
671248
560570
108461
502842
451049
341939
951829
47647
856735
425339
549274
724016
674005
846419
234070
717019
332598
168221
823681
401834
734022
269736
540550
199216
361646
798611
745741
419326
239184
112831
532010
653170
464549
948148
602835
451029
774377
201342
92831
556594
490438
20158
514152
179413
35204
538567
950039
813155
673686
108248
795939
309501
711327
883937
763435
420209
727091
94127
558803
920488
778965
823290
707759
837144
458714
802352
372248
529932
264661
598086
698751
167119
235612
69458
153470
797694
454730
25599
140910
427813
636368
295036
628455
468519
34194
329999
919760
483737
636438
884171
981038
250457
882115
937081
18232
476473
730277
453923
828437
78603
676115
353699
86517
121521
6230
105497
469421
35460
303976
284506
492302
694594
781205
287727
147664
32042
184549
49691
10540
518125
674815
632156
451400
772640
39680
257999
737401
72344
871267
730433
263226
775409
582059
106222
649574
833990
881234
290980
179878
323131
596213
936970
782979
341170
286590
860076
378458
486471
910849
274461
692946
320589
897993
574256
163223
158774
430196
412480
61204
297004
343467
152803
814911
671177
614797
864216
872900
53128
948505
30560
252708
128366
715332
625934
686541
769877
713553
380394
295133
398664
173462
154083
296636
563896
175394
995126
174268
147977
610726
652770
943065
821361
10643
750461
912827
179766
868777
954152
493366
394452
753741
847443
347898
162387
557948
570000
529684
285091
699840
222582
534588
881990
608725
485867
253469
38041
517530
491426
592570
112125
112190
873810
354694
893635
71538
628198
320923
242817
832488
848694
805393
379488
110680
378024
365075
975401
509563
578807
244295
418253
496298
870330
886457
513030
317448
115360
611566
367719
452062
135901
440792
607035
28823
803363
373743
537169
962119
709136
550271
334098
473228
613648
59079
848076
784171
188867
653510
7424
748418
146028
661010
316263
771788
490433
11068
349792
931711
216925
128801
660937
67194
516073
826171
549857
624026
577781
430416
803796
330357
808713
892530
931025
60599
884310
734102
917293
245577
928515
923802
148343
206877
655313
432376
456028
423856
564568
806072
169662
606620
666145
254805
520167
865849
696888
735692
805528
507083
54599
611595
900988
713789
498147
908015
385340
783473
930772
532538
393026
822160
267375
579987
205226
549875
426553
895199
991003
997846
487516
729206
246157
147109
112067
275225
131240
107814
881160
277893
24049
389759
325596
615701
837360
68877
871822
111490
50016
498466
374447
211204
309062
77940
151518
93639
900904
245689
507310
28935
978888
910309
779038
954493
287082
354606
94678
275563
150463
200586
96538
409782
647397
22684
954687
301319
543796
987970
80909
838123
215017
948813
887453
477507
190204
117417
328347
981937
142842
885449
316069
247451
507178
638100
738325
141203
868603
976789
205946
10178
25985
574030
136529
417684
695214
242502
463827
828371
575580
609490
912321
928328
901056
741182
318522
93798
19159
655062
37589
107120
117404
649358
349982
171459
614527
633119
82503
501995
221174
609735
4982
277603
796872
494729
375233
368591
500006
323713
974503
374022
881530
903542
410276
141653
519211
916193
603987
443025
904864
522033
933808
621648
435469
937089
725856
299061
492149
21367
207213
980860
229595
26266
225572
465120
488327
815825
581772
351045
28303
233251
601253
590835
473453
734454
725654
580868
213452
969626
988281
350728
244505
563293
405404
670073
960338
451595
637983
372135
592631
403737
751926
125417
257940
116090
650310
693147
43490
941010
311567
95300
272196
255494
534517
779942
185802
729341
9274
376141
539006
66936
249473
429795
371596
611879
638629
112340
267598
767329
42337
898762
296189
984767
716496
31083
241100
769765
676285
157508
266186
800909
946787
151567
967862
38939
702705
948021
912541
644426
845147
327539
584878
5390
871022
673222
984463
277736
677329
703159
6348
6359
338391
347937
331022
120579
43972
462443
839102
585673
378296
369836
246512
302210
876648
141696
628654
109763
682146
921295
992485
68497
791995
647299
623826
54035
30324
162843
398551
714322
588634
159067
921110
324186
175643
207517
857335
502238
296723
6419
621184
199982
116686
237850
177675
236940
92169
736674
593483
327534
158425
33036
434027
15848
993611
566281
285650
170247
456041
366512
663479
476638
635526
316937
953785
512989
352804
647386
625417
287284
115233
866768
831425
948728
149734
819884
172980
162026
907133
256388
204166
832493
378251
936909
464128
243528
274292
767167
390269
798477
221292
752416
763507
455600
318060
35797
870322
915249
870216
686864
558115
877053
686975
243097
302442
300656
73277
176174
81064
977441
130537
596517
753960
208846
970500
770536
60742
201677
983090
173877
267353
583089
895030
106593
292676
735003
272838
151559
51617
55756
609000
494388
687333
596875
615504
934954
5446
244042
611297
310312
26465
310032
201549
573818
299115
589470
637875
63096
335444
706196
392592
325933
191896
250598
201123
243860
475350
761116
795696
278544
679976
322914
432461
243922
410620
62814
730874
267820
429109
399563
231267
239087
836034
602080
803306
790588
161651
633200
749081
148308
283825
56995
984320
930152
389307
491541
143837
271362
235300
288266
579217
207465
532602
91167
405593
281533
21489
640958
943792
158633
303613
805040
534725
437913
901494
695072
247018
678583
977795
900605
757293
262532
576628
391034
25920
254012
147871
77264
820407
817869
800211
976331
897075
480819
150576
169844
604584
827950
600452
790458
954337
825065
362792
869170
409576
476468
746208
7294
467789
103927
317992
640109
597138
626650
2433
623878
967874
424866
534290
626065
989551
65107
94228
247563
777517
405259
468123
373708
561933
141277
772417
84296
28988
533131
578860
347591
768254
551335
252157
872744
740581
564494
619393
217133
511788
972636
542665
4632
779423
943527
823211
226156
507193
685249
40492
57086
330768
816670
410364
824160
940545
31966
806332
818634
38018
836804
876858
130821
488812
49303
245914
890136
112795
103237
771981
858955
467069
842925
927516
679115
518012
745262
567078
219745
151983
710435
887762
382676
896066
538911
711552
710110
443548
817185
996438
585927
564373
844947
995133
775325
784811
599601
532713
298913
984805
419700
820186
469209
633602
669211
574487
923638
970530
411108
800391
137380
941364
293578
374184
289109
964374
620469
269286
537330
96264
584562
526891
938806
100910
722669
87915
544449
98583
964200
284118
617797
129330
317332
590717
186464
926320
949128
317032
518935
971925
912874
473653
70422
978401
916086
435721
284389
629416
352888
994340
792576
297269
225698
125677
888620
33145
311733
744546
885519
174519
700138
408675
604624
421601
644647
706839
515378
918188
728788
616449
997208
419507
445001
699156
121334
320365
366639
688782
527010
694004
849020
644652
167979
317600
901494
16385
300815
274407
827445
56738
365152
282972
82335
877364
488815
280456
838525
391329
673303
542633
906750
799897
793635
830797
511152
680441
574692
920301
252146
186142
851849
979712
199575
618786
633436
939991
939983
558876
35994
156988
72322
202704
985280
315770
945464
197701
202917
897856
876479
786591
947366
973366
417002
115709
375314
821019
612848
401437
255729
626125
44050
425935
792006
796270
481269
517443
620563
221893
375431
80723
797436
432156
639300
254923
327224
102359
547023
173759
824543
779158
782532
389587
715368
452711
521519
64897
321468
593707
681917
843003
257110
608267
650644
41634
819863
150006
866686
888704
969372
172328
3156
391339
851156
191886
326028
560180
269352
927768
232433
999992
363599
353262
24477
469386
158668
52837
225806
112847
461176
573916
91012
595457
57708
885203
492441
591257
305265
65660
514200
380246
895119
414506
530648
343732
386288
65608
266180
160252
925101
643842
819447
250770
224386
727191
872389
406940
880322
100877
197955
365237
118642
618989
839267
335413
711519
833707
748423
650052
573795
839934
661822
397713
145957
66550
842712
602876
283113
5378
830496
88661
844910
372191
261696
917047
810518
143279
573947
904559
539286
867918
78568
578338
254564
774040
468518
731125
375662
329007
148434
450855
597540
931644
13391
901682
248911
631590
991717
825651
922271
531167
411165
169228
936990
964317
744320
635683
66935
25921
457159
504609
937145
847298
823291
65281
789498
131900
447566
946676
287487
443555
709666
425918
213406
631775
748407
258892
21202
839843
296913
875690
469206
646699
433698
421007
688345
506148
453135
940114
185815
946338
759010
876616
544815
105524
793352
680838
226109
783588
288590
408094
497686
567948
593373
320122
340780
866330
479027
190931
194767
572342
641377
828764
958991
409569
871138
469054
947558
547078
855108
794078
685707
606595
561516
883473
834741
287429
954492
202788
557975
594917
883259
26372
103420
662907
14230
327558
710308
974846
804320
515036
505148
188436
90145
55653
591337
522227
974549
609370
628800
217777
720722
137058
628173
280812
819054
211376
63273
499241
555167
681819
564248
113838
790346
160194
877203
644690
518600
391738
457701
608333
332551
521238
920250
47132
902039
503724
642983
181190
260839
131710
593651
728937
721477
837275
589345
588446
165253
998188
604856
621122
285140
884738
993496
453428
898721
966445
404600
922526
474139
986102
798277
899036
487345
417927
835544
991110
217059
305848
972479
113036
637158
792702
681578
657061
687770
437696
910347
278301
957510
174467
143094
859729
245158
641668
736492
495867
306335
308500
841813
522329
157023
385692
800705
624983
107334
955458
6463
586802
392041
116545
360554
21396
465750
518642
187850
884237
572806
31488
642671
649689
440397
640137
151758
586942
571780
841100
189604
52665
75474
806489
447875
315709
429985
922284
482255
491094
41945
933584
567351
142240
947453
132059
962576
929716
978158
326071
986035
363521
641968
651944
134305
262084
69471
722034
393713
544843
753375
616821
122529
295525
417348
361121
195438
374767
350776
308489
242322
811982
253930
47871
104163
113305
219470
246892
988219
448688
895651
806438
124698
374965
580100
949087
907219
353792
711958
119912
239539
521776
534050
95196
787316
517673
966536
593740
898397
997750
822741
333976
859487
728004
17608
423543
329484
659117
902802
705780
621350
390604
950658
559131
374346
454168
61691
517770
356393
497620
831525
764829
24681
669657
806146
619365
49716
43009
679201
33726
275636
237441
711960
189569
584754
166223
188084
454317
97666
382061
709180
339002
803670
573294
296346
386820
17269
795790
565271
112942
991009
161065
474918
321968
320537
469831
668650
152087
343552
465651
523313
272676
672766
945291
243589
31646
46030
429687
694263
556342
491962
931964
399412
580997
660878
826480
428391
314238
106694
613459
98784
282840
575287
195836
302957
416522
919983
149945
542601
141930
38033
82615
837078
981833
873948
409381
595311
959220
981327
53504
871622
689592
287735
257491
104788
931630
206453
80627
431951
98053
115951
356749
706396
678504
996949
753053
897254
560583
115717
994674
238890
216228
456490
774068
888091
285341
149078
184064
390616
398646
977905
123576
685391
467418
354265
775848
947976
832648
839241
813229
187953
140109
164430
274049
249677
754299
759629
256643
169112
767867
217934
674805
424071
460088
191665
338651
198876
747194
980251
119007
568471
3806
196958
762532
441518
633237
529693
382216
286492
282002
183119
89285
216437
33840
981909
435837
906585
452603
733881
389161
501575
598085
721739
318063
114746
340693
871833
900392
531489
464075
241236
673578
136184
266144
995767
460150
238139
571402
899927
401055
748517
317341
886338
214625
450825
74836
365398
506593
888360
814418
838154
386558
16566
126182
131910
947953
843786
58633
586575
261496
966679
253040
889040
371607
633721
217456
139662
318258
66923
377993
194921
710663
215906
449164
227204
763530
740335
914947
781915
416182
357041
308396
470821
40635
240260
468615
725436
249278
520023
907064
117790
868121
29183
728258
761365
778823
611113
684637
388259
130890
638332
592509
459355
646503
978360
192557
506375
482237
153841
760292
96518
300561
223907
507238
504180
69754
88096
892044
779918
977019
359186
70997
469644
743756
350013
642160
203659
790913
360684
528178
848938
261728
68990
720129
546130
726642
310028
238216
673945
631881
701159
587860
926600
814868
693474
999363
32988
375261
618315
40697
264856
723275
656454
560963
150311
405055
341656
109051
974795
144855
871202
969584
131217
110399
620438
179646
898660
33969
771170
762611
603685
480473
170401
898089
838783
200167
510582
959252
525299
106939
551291
586921
462067
117021
205789
423078
281950
217645
859830
994049
927371
604448
603633
848883
868965
545267
482537
12927
377902
382216
643759
907717
462993
830873
59148
1787
79811
929942
768806
633406
492804
506224
379587
202350
902984
319195
990007
92575
371936
710105
315286
260931
248335
62854
129272
290510
32685
126157
775485
435767
580567
360325
14006
425822
630635
354232
147766
61817
631968
582542
945033
746091
300123
655106
786948
705468
615496
191000
948627
388911
59583
801862
504773
30956
248056
135958
820572
784844
18162
585736
16728
826724
58739
993055
198870
127687
230305
99878
284629
670178
476439
548838
604607
199789
58242
472891
868698
859546
825275
659827
94565
578952
620350
869320
8829
815874
186971
737126
318286
220539
597862
902934
942858
65678
290684
242465
227144
1542
921422
130819
756096
660223
97872
890097
447422
215196
646417
851329
36451
107549
477185
276311
56167
860419
165420
142675
631168
964726
851178
280162
38689
390699
648548
502253
397026
298360
871231
64539
585477
580110
202763
444937
946198
681430
79552
993507
716437
821353
730848
284593
204010
190687
755258
134959
341716
88817
353384
666006
350651
969484
273288
292014
226405
238843
983805
701719
377364
202156
658130
178673
286008
749955
156176
609072
686669
211344
657502
874617
936599
436341
98127
145066
439329
230381
832773
283889
591039
587559
107039
661450
462898
321771
255479
383447
224507
55615
644511
193573
580670
316037
777050
821553
247264
419244
469784
747640
550585
923335
106066
862096
17688
624213
946967
6626
770571
410769
491949
585991
598756
662616
401794
208553
480967
897430
441674
377153
938034
324675
312845
614196
891639
205154
728168
885215
765537
691628
933189
33666
445862
607594
175309
758907
607427
208736
398116
767659
423774
200922
581411
606899
775036
409871
19160
755775
789039
257026
710948
730275
256839
778102
89817
902768
151286
745763
752792
691440
307472
538588
590164
596836
272265
989193
591144
411294
371321
33633
296528
360383
794024
329885
42132
226689
892794
251011
156681
747782
786816
756707
173453
221490
464194
400274
876386
884060
74634
319979
315016
919885
454431
823
884087
766898
913292
877392
882421
818374
69458
514894
20309
849414
931611
578748
490772
695932
128341
719063
178320
849446
367390
88433
132748
522023
624108
118796
929028
141258
324803
236173
891930
805339
686320
487941
261703
266899
582807
530514
332741
300293
629993
999491
569002
689011
855560
502394
724103
277770
505122
455785
384476
276897
462256
886547
724287
641086
235426
453539
580981
535229
30770
641914
187908
238800
145479
779175
307312
464991
61362
762004
718055
158082
693740
25694
542496
504524
699789
154766
442623
340837
89322
389910
855577
797061
645548
528737
644351
897367
732680
774137
827683
451501
72155
77245
441532
584125
658572
527917
885090
320378
737866
90545
947216
874447
779028
435368
977245
831233
971616
288303
324835
881667
325392
189995
4143
466024
886462
687622
338712
302428
185783
662444
982635
421312
921432
258094
91101
510717
92592
174612
421906
725447
437715
633644
969285
187336
522957
493131
835627
420772
672818
217578
672036
399061
349561
522797
212077
346449
845586
371284
496179
477698
50082
575965
416049
185694
524040
562901
835191
652365
563929
570533
857110
13744
625847
265931
373833
813052
382750
331823
369235
381752
981787
338164
730993
872401
535694
786100
862043
964667
84692
622266
175011
119700
124696
241453
502777
985261
432483
935199
286138
169887
599400
374777
437700
37553
341609
351086
112769
988385
969744
453577
896758
979959
658005
511563
759724
332306
913823
27208
179482
825996
257748
749604
684438
212513
868573
710048
391119
578330
146065
73297
303649
190312
284131
631643
572117
614003
667390
806835
470594
589275
553448
416291
161901
930466
442992
269117
79809
72165
578433
293846
775099
263082
237860
40779
909768
727492
768389
525722
975232
102607
742917
145337
177405
489027
281774
504361
222591
719694
447813
671803
791728
634085
564868
713510
720361
295277
983114
486242
730686
450288
234903
449524
516478
125750
604603
410134
340604
323671
587901
768339
910424
847095
787452
646596
272160
103014
190820
136443
17787
113174
340682
223453
942048
886210
947661
287852
851940
540
338173
471605
807306
642328
112059
216131
702310
976181
80004
89264
558801
31609
354926
591600
593752
960638
791157
11031
56401
484614
556540
188042
138578
377710
863608
247293
40218
606763
103048
554634
514947
815777
690244
852029
634104
464992
192106
699501
131893
282271
567522
722777
339971
74373
796856
400788
629603
119517
179649
419386
481422
602372
559561
97399
459104
10996
466792
432578
6031
180262
129081
689517
611225
904687
208827
234792
537257
290191
407714
414315
698204
617795
863044
247251
931248
860506
211572
7920
765860
314907
985334
881612
394958
959416
549524
574126
335590
749021
242955
162127
937699
713942
862029
813636
249853
532539
218803
763585
352011
352528
556926
590811
887229
330373
434423
417585
492710
642345
235433
115494
252593
465963
658959
833119
140617
643354
502218
108857
333284
863137
621159
423208
410409
340663
81856
967749
980399
795294
645982
431456
720480
441018
75715
420559
104147
376595
106543
88217
968271
343219
281071
955283
815617
212267
609750
249231
96946
510788
679595
396555
390514
65271
105651
55025
29561
325696
927601
84478
34880
151138
543586
706121
374043
848481
992069
591725
346088
872597
817217
320422
850587
973657
48455
709957
828951
342004
814465
743211
21293
332044
193230
157809
739235
578930
233625
963837
795066
929258
457925
629498
109375
586179
890742
389040
41934
347376
926798
800677
338534
150290
150599
486445
899406
757909
248874
775605
935709
451268
851971
628901
875947
128704
608084
865833
240095
442219
450753
660001
975641
687403
260871
707753
205779
76626
955597
383150
847875
787515
697032
782349
921178
767996
31195
939277
942551
823220
565028
392696
309256
989461
856506
506184
721837
321004
752997
34595
895762
523140
898362
251649
759247
589552
19530
321530
915240
814418
36380
503539
511506
184494
630071
743448
220482
310849
268610
585270
305927
270627
686699
798941
998444
266881
126950
185144
146281
572794
147282
348055
341005
773523
531026
961114
537510
658015
629644
900591
378760
480680
857044
423883
139170
714011
302722
261491
274353
512168
101616
500195
318539
673046
974881
388286
35035
104313
281223
67226
956801
991820
526375
375903
647249
322709
941580
584573
734277
132441
612111
783545
483804
355017
911508
181080
634123
700761
202837
991173
391758
971333
69360
268511
770632
113059
665282
491341
355551
832650
649082
347787
818489
657868
58378
240338
507777
478785
236447
696229
933001
74386
13848
604656
999203
379341
914141
951362
767547
808270
216146
148823
534772
122669
385550
420675
625979
181947
131880
512578
886149
832434
200923
580300
69693
263122
600544
868043
980801
350770
525646
287451
536959
54516
937718
933795
655930
507473
476423
634421
546576
910257
329315
124692
481586
955776
218700
168119
437392
442522
946255
113138
339826
30519
261366
294003
325848
808580
474911
480533
566386
392601
507294
61543
434981
925248
355847
107776
475169
118992
186207
448229
357974
200525
905216
29197
469563
277871
250469
900344
227918
720237
310250
128592
276964
29962
92179
368797
212046
808585
872369
631103
60207
859504
443676
70521
35396
267323
166062
452784
727939
442215
945309
844484
372051
751739
740787
296395
846250
705839
773426
632035
339082
503334
191753
217361
356609
896219
78686
364673
563759
421017
452724
636133
485229
849901
151261
878702
915362
861876
327965
763125
112284
941801
852093
142389
735715
371942
308408
872576
154438
130944
209829
854921
930459
248935
29296
476677
384022
32272
21279
520524
867541
776284
223072
557560
683041
270474
980246
121059
720742
156694
588162
370799
93939
19459
280625
447282
258754
340377
288337
498621
145468
693362
839313
774627
757993
780967
877576
952988
386507
144705
529314
780482
409103
759323
808272
355150
283781
302176
510118
3011
234612
420947
561888
906193
307141
183940
752795
921417
757007
298270
898930
756177
71523
86783
608812
696546
8914
621889
622425
512430
392232
16196
492363
307843