515
795
809
930
937
1004
1196
1205
1234
1238
1258
1316
1331
1442
1711
1809
2000
2002
2156
2406
2442
3164
3286
3367
3412
3632
3673
3794
3880
3940
3979
4348
4354
4415
4446
4560
4709
4963
5203
5397
5428
5485
5534
5542
5588
5671
5718
5822
6030
6129
6168
6304
6363
6863
6880
7343
7475
7585
7596
7667
7809
7836
8133
8552
8644
8931
9010
9137
9264
9341
9370
9392
9825
9891
9919
10036
10044
10247
10248
10249
10385
10682
10822
11195
11383
11456
11689
11810
11875
12041
12318
12529
12588
12618
13366
13399
13444
13498
13534
13630
13733
13743
13863
14066
14119
14557
14628
14706
14743
14775
15099
15109
15143
15187
15390
15478
15491
15582
15592
15723
15835
15997
16181
16185
16224
16370
16562
16675
16693
16749
16759
16807
16863
17013
17077
17315
17609
18160
18362
18423
18446
18542
18559
18654
18791
18917
18957
19413
19591
19725
19996
20452
20456
20466
20534
20711
20884
20979
21263
21397
21835
21836
22317
22376
22502
22539
22582
22649
22787
22970
23016
23177
23281
23333
23345
23379
23383
23873
23923
24112
24161
24189
24191
24371
24378
24425
24493
24508
24589
24931
24933
25011
25079
25183
25484
25609
25656
25698
25913
26021
26852
26936
27114
27196
27349
27483
27573
27584
27693
28020
28046
28102
28236
28669
28676
28685
28728
28762
29051
29159
29299
29368
29379
29517
29635
29685
29807
29829
29838
29906
30066
30873
30902
30964
31047
31091
31213
31707
31777
32183
32215
32587
32684
32848
32863
33033
33248
33387
33470
33559
33565
33592
33789
33795
33810
33899
34288
34303
34625
34781
34965
34972
35202
35217
35240
35369
35578
35618
35720
35820
35990
35992
36054
36125
36266
36398
36534
36559
36787
36857
36922
37006
37200
37545
37665
38059
38204
38242
38269
38336
38456
39230
39260
39414
39524
39541
39682
39710
39759
39790
40009
40023
40069
40094
40126
40185
40216
40310
40377
40457
40574
40686
40767
40972
40994
41007
41051
41377
41461
41498
41628
41745
41895
42064
42088
42175
42332
42518
42631
42756
43025
43161
43563
43582
43585
43629
43786
43822
43971
43972
44108
44191
44407
44472
44999
45168
45383
45393
45433
45446
45734
46049
46168
46178
46286
46406
46410
46413
46642
46697
46814
47108
47286
47382
47694
47699
47942
48100
48308
48397
48460
48536
48561
48670
48813
48835
48872
49063
49174
49342
49614
49615
49761
49917
50079
50300
50307
50330
50555
50573
50638
50746
50844
50916
51306
51428
51441
51774
52004
52096
52137
52193
52665
52778
52834
52897
52945
53056
53062
53250
53253
53499
53764
53780
53854
54319
54334
54570
54641
54817
54823
55005
55070
55084
55113
55145
55626
55737
55934
55960
55985
56165
56258
56502
56553
56585
56705
56892
56924
56927
56978
57086
57089
57336
57348
57445
57529
57567
57771
57849
58046
58484
58497
58504
58514
58548
58615
58720
58765
59214
59288
59384
59454
59812
60021
60039
60147
60152
60395
60403
60606
60646
61013
61176
61532
61562
61623
61640
61749
62100
62208
62224
62365
62482
62593
62608
63339
63882
63950
64161
64232
64593
64848
64849
64865
64946
64978
65005
65247
65270
65588
66036
66532
66673
66687
66794
66812
66844
66878
66981
67036
67266
67271
67574
67939
68022
68084
68184
68198
68304
68326
68393
68416
68513
68568
68669
68765
68844
68969
69003
69149
69181
69282
69531
69628
69804
69879
69947
69967
70059
70177
70192
70192
70375
70421
70521
70537
70550
70619
70884
71094
71663
71757
71859
71891
72003
72034
72370
72390
72397
72635
72669
72735
72752
72914
73036
73176
73450
73665
73746
73801
73941
74039
74174
74226
74246
74500
74788
74856
74944
74951
75099
75109
75130
75175
75178
75261
75299
75329
75375
75470
75495
75865
76395
76472
76553
76687
76719
76858
76884
76933
77049
77147
77221
77351
77438
77605
77620
77631
77672
77674
77713
78430
78457
78756
78826
79034
79063
79130
79258
79395
79398
79551
79564
79599
79632
79740
79780
79810
79810
79898
79901
79970
80130
80360
80381
80681
80737
80742
80778
80782
81054
81248
81710
81710
82112
82427
82443
82509
82660
82787
82939
83082
83090
83277
83734
83783
83898
83944
84069
84099
84176
84279
84280
84602
85053
85384
85512
85534
85628
85811
85902
85913
85999
86028
86051
86561
86751
86882
87034
87084
87129
87208
87231
87348
87611
87714
87740
87765
87805
87895
87918
87979
88054
88058
88367
88459
88500
88519
88555
88582
88589
88713
88822
89244
89317
89327
89477
89522
89816
89821
89968
90081
90134
90159
90228
90308
90338
90574
90599
90658
90674
90747
90964
91000
91013
91015
91071
91609
91622
91785
91969
91971
92007
92085
92384
92494
92553
92625
92791
92797
92804
92900
92921
92939
92945
92983
93010
93041
93327
93359
93827
93954
94422
95168
95296
95309
95311
95477
95519
95625
95972
96274
96294
96534
96580
96733
97095
97184
97324
97390
97474
97516
97753
97881
97891
97976
98007
98286
98309
98529
98612
98615
98627
98628
98663
99016
99034
99364
99371
99446
99669
99759
99845
99878
99924
100077
100094
100188
100303
100497
100523
100587
100820
100830
101060
101354
101630
101738
101969
102198
102215
102324
102474
102559
102597
102660
103132
103200
103263
103305
103337
103376
103919
103938
103942
103957
104090
104116
104207
104326
104810
104985
105132
105171
105596
105644
105763
105872
105889
105913
105979
106092
106246
106270
106273
106375
106427
106776
106795
106896
107054
107135
107252
107437
107580
107604
107795
107950
108162
108165
108376
108380
108934
109652
109679
110272
110293
110585
110628
110722
110791
110814
110826
111025
111225
111290
111290
111376
111380
111414
111466
111479
111623
111625
111679
111700
111760
111904
111979
112005
112030
112214
112323
112380
112404
112479
112559
112738
112913
113442
113459
113547
113652
113746
113846
113900
114169
114635
114858
114989
115097
115456
115475
115561
115705
115798
116066
116127
116257
116265
116417
116469
116490
116626
116720
116729
116743
116914
116948
117118
117216
117309
117493
117717
117791
117992
118023
118066
118138
118240
118292
118344
118759
118978
119071
119198
119459
119495
119754
119827
120021
120200
120290
120575
120598
120964
121049
121053
121237
121337
121578
121651
121704
121862
121917
121981
122070
122431
122565
122623
122805
122938
123222
123400
123473
123598
123650
123726
123852
123931
124193
124218
124400
124880
125293
125453
125597
125605
125629
125718
125959
126012
126284
126345
126471
126502
126754
126847
127050
127078
127237
127506
127566
127602
127617
127677
127727
127819
128024
128098
128162
128247
128256
128257
128422
128711
129542
129616
129949
130036
130065
130264
130303
130839
130866
131038
131048
131150
131432
131514
131685
131725
131885
131922
131933
131950
132032
132122
132343
132546
132669
132773
133179
133273
133294
133323
133367
133501
133520
133604
133638
133650
133948
134016
134250
134310
134312
134319
134338
134439
134443
134513
134558
134582
134682
134692
134710
134841
134883
134953
134956
135374
135398
135399
135438
135489
135518
135557
135627
135849
135946
136022
136031
136142
136175
136218
136391
136420
136442
136453
136606
136807
137181
137181
137246
137332
137927
137967
138025
138108
138149
138151
138245
138318
138479
138543
138757
138958
139103
139196
139296
139315
139328
139468
139626
139633
139768
139865
139876
139954
140074
140173
140337
140356
140395
140429
140620
140715
140774
140786
140915
140957
140961
141198
141257
141305
141571
141730
141767
141856
141923
142071
142077
142084
142117
142392
142552
142596
142671
142805
142815
142896
142905
142940
143024
143165
143222
143271
143274
143358
143540
143609
143724
143753
144100
144232
144379
144493
144578
144911
145070
145137
145140
145161
145547
145576
145628
145659
145681
146112
146239
146265
146369
146446
146612
146670
146691
146779
146780
146796
146929
146934
146956
147015
147047
147324
147413
147462
147644
147685
147994
148089
148193
148446
148802
149102
149217
149349
149762
149905
150264
150402
150765
150992
151143
151433
151465
151621
151714
151867
151888
152096
152123
152273
152323
152357
152650
152852
152893
152997
153579
153804
153845
153952
154005
154065
154190
154389
154399
154599
154657
154716
154816
155150
155182
155362
155665
155789
155829
155985
156077
156326
156347
156676
156703
156835
157010
157185
157258
157271
157324
157400
157415
157641
157642
157695
157898
158200
158702
158721
159171
159178
159178
159187
159427
159453
159456
159654
160029
160054
160206
160472
160474
160493
160536
160619
160706
160720
160740
160917
160938
161001
161093
161096
161200
161409
161414
161426
161671
161690
162185
162252
162281
162411
162537
162586
162604
162681
162793
162914
163113
163217
163395
163573
164070
164094
164099
164162
164530
164538
164673
164704
164913
164918
165113
165178
165425
165438
165439
165461
165467
165587
165722
165729
165808
165887
166005
166220
166225
166357
166387
166405
166438
166452
166506
166563
166861
166914
166919
167020
167022
167584
167662
167936
168065
168308
168394
168477
168599
168676
168740
169073
169457
169504
169704
170181
170468
170576
170609
170950
171016
171164
171223
171377
171639
171786
171942
172143
172249
172354
172386
172488
172495
172580
172687
172768
172778
172896
172953
173344
173518
173689
173717
173852
173853
174018
174204
174219
174246
174263
174563
174581
174588
174676
174701
174840
174932
174945
174986
175090
175147
175287
175332
175401
175440
175497
175502
175620
175670
175747
175836
175914
175921
176234
176432
176560
176762
176905
177179
177248
177286
177419
177562
177685
177696
177715
178137
178257
178467
178474
178594
178617
178674
178707
178813
178833
178896
179084
179098
179121
179173
179231
179242
179248
179539
179679
179683
179744
179768
179768
179771
179809
179923
180202
180211
180544
180689
180694
180788
181052
181215
181220
181346
181374
181528
181540
181556
181563
181628
181768
182346
182362
182549
182656
182666
182731
182737
182879
183174
183179
183181
183232
183730
183848
184017
184115
184201
184332
184383
184449
184635
184820
185331
185485
185731
185818
185985
186040
186048
186179
186181
186182
186295
186581
186677
186696
186716
186768
186981
187198
187321
187380
187457
187787
187815
188035
188066
188422
188552
188601
188625
188668
188926
189063
189067
189521
189649
189661
189724
189778
189786
189879
189993
190002
190083
190143
190313
190363
190494
190619
190741
190751
190834
190991
191044
191079
191181
191269
191321
191476
191501
191630
191651
191685
191806
191866
191969
192123
192138
192516
192646
192773
192862
192863
192962
192975
193072
193090
193142
193152
193187
193250
193312
193394
193426
193585
193873
193923
194101
194121
194231
194251
194268
194468
194516
194635
194762
194929
195314
195397
195485
195659
195891
195964
195993
196018
196030
196521
196624
196698
196786
196987
197095
197213
197231
197331
197512
197598
197656
197825
197857
197880
197990
198012
198020
198066
198128
198157
198184
198285
198345
198644
198748
198813
198847
199146
199163
199181
199266
199447
199447
199671
199900
200205
200557
200619
200712
200919
201096
201535
201998
202035
202089
202108
202136
202268
202296
202369
202405
202443
202511
202518
202520
202590
202782
202941
202975
203042
203071
203237
203254
203255
203356
203792
203822
204043
204099
204163
204379
204390
204512
204597
204643
204943
205013
205046
205561
205800
205908
205914
205930
206133
206233
206387
206527
206587
206600
206656
206936
206987
207039
207122
207175
207231
207319
207334
207735
207840
207958
208181
208233
208256
208379
208452
208568
208619
208675
208693
208782
208929
208987
209344
209379
209670
209833
210012
210107
210166
210272
210287
210447
210721
210726
211003
211020
211301
211770
211960
212074
212373
212674
212679
212804
212834
212944
212991
213070
213527
213618
213758
213780
213868
213905
214066
214070
214403
214657
214827
214855
215081
215127
215217
215284
215288
215298
215310
215443
215609
215956
216018
216191
216343
216386
216399
216409
216416
216525
216780
216838
216847
217164
217176
217374
217386
217560
217613
217692
217763
217790
217933
218044
218098
218108
218259
218380
218534
218773
218821
218878
218906
218959
218974
219029
219067
219180
219196
219422
219439
219535
219682
219690
219785
220120
220162
220209
220384
220470
220509
220563
220721
220789
221128
221212
221221
221261
221459
221568
221628
221678
222045
222081
222173
222208
222529
222572
222760
222822
222855
222910
222995
223083
223337
223439
223458
223467
223666
223879
223886
223891
224024
224053
224090
224169
224287
224358
224532
224560
224606
225065
225183
225344
225415
225490
225527
225546
225755
225758
225898
225940
225957
226128
226134
226227
226451
226455
226531
226588
226675
226717
226737
227093
227152
227506
227558
227680
227696
227745
228064
228079
228157
228215
228462
228692
228707
228747
228846
228997
229121
229307
229323
229343
229737
229913
229935
230409
230550
230918
231095
231195
231331
231403
231769
231931
232004
232043
232454
232487
232499
232524
232628
232654
232709
232735
232802
232827
233203
233258
233344
233349
233548
233731
233893
233983
234128
234299
234507
234532
235054
235272
235322
235507
235593
235695
235783
236015
236106
236166
236268
236286
236414
236565
236609
236771
236835
236969
237018
237116
237169
237299
237329
237590
237660
238159
238331
238480
238741
238790
238846
238861
239368
239710
239836
240040
240077
240170
240279
240352
240628
240684
240711
240729
240795
240816
240850
240950
241126
241555
241657
241974
242444
242447
242516
242528
242682
242712
242747
242902
243049
243112
243201
243281
243294
243323
243816
244074
244131
244166
244200
244434
244547
244637
244673
244715
244819
244915
244942
244953
244983
245001
245045
245255
245294
245386
245562
245607
245632
245766
245874
245879
245908
245938
245982
246225
246240
246378
246508
246747
246822
246869
247242
247244
247249
247254
247296
247408
247438
247509
247869
247935
248158
248179
248222
248295
248346
248457
248741
248776
248861
249016
249022
249077
249259
249324
249607
249676
249756
249857
250130
250180
250689
250820
250956
251237
251506
251665
251685
251785
251998
252039
252071
252103
252198
252335
252565
252844
252908
252975
253224
253346
253506
253510
253521
253602
253696
253797
253978
254031
254069
254305
254307
254328
254582
254769
254828
254828
254873
254987
255197
255197
255359
255495
256032
256069
256650
256658
256833
257068
257130
257203
257223
257584
258054
258118
258302
258307
258581
258612
258951
259009
259137
259217
259319
259772
259806
259840
259867
259913
259924
259979
260146
260248
260263
260350
260496
260646
260845
260927
261001
261104
261352
261412
261516
261758
261941
262122
262426
262558
262642
262872
263138
263207
263319
263411
263565
263644
263677
264041
264076
264086
264103
264211
264295
264338
264394
264462
264703
264705
264772
264784
264793
264867
265020
265062
265191
265516
265557
266054
266145
266391
266622
266641
266769
266926
267101
267265
267713
267734
267746
267839
267948
268051
268062
268288
268376
268879
268880
269422
269514
269550
269554
269556
269688
270132
270216
270364
270642
270859
270981
270987
271040
271160
271376
271389
271484
271829
271853
272058
272071
272223
272258
272353
272503
272567
272599
272748
272764
272820
272922
273196
273628
273698
273792
273959
274063
274180
274270
274283
274413
275028
275038
275182
275360
275536
275661
275798
276088
276134
276282
276372
276475
276587
276859
276895
277210
277255
277373
277714
277773
277948
278050
278099
278150
278448
278985
279023
279031
279066
279293
279482
279664
279767
279778
279804
279812
279818
279902
280149
280422
280441
280672
281268
281271
281292
281293
281319
281345
281375
281913
282005
282027
282172
282400
282556
282674
282706
282757
282802
282846
282856
282922
283204
283226
283259
283436
283556
283612
283908
283963
284169
284369
284453
284544
284839
284843
285005
285101
285127
285227
285239
285347
285406
285482
285537
285641
285914
285969
286073
286286
286287
286380
286404
286431
286589
286826
287127
287204
287211
287363
287475
287532
287621
287798
288192
288280
288418
289010
289129
289172
289256
289341
289395
289400
289705
289991
290040
290296
290320
290379
290462
290487
290683
290706
290814
290951
290965
291230
291586
291789
292087
292194
292315
292509
292952
292957
293240
293400
293588
293606
293759
293838
293984
293990
294079
294122
294135
294136
294202
294258
294466
294549
294673
294765
295119
295159
295222
295417
295578
295767
296107
296234
296237
296500
296533
296687
296794
296993
297188
297464
297504
297543
297687
297796
298349
298601
299168
299208
299828
300127
300236
300486
300800
300815
301095
301270
301301
301362
301634
301674
301698
301832
301860
301936
301940
301953
302230
302270
302589
302625
302655
302800
303075
303195
303570
303651
303779
303798
303829
303834
304096
304334
304427
304591
304610
304792
304814
304877
304996
305540
305903
305984
306072
306153
306190
306205
306226
306581
306702
306964
307079
307096
307114
307292
307320
307643
307704
307834
308031
308062
308270
308296
308330
308398
308519
308632
308637
308727
308742
308933
309090
309172
309329
309586
309769
309919
309996
310165
310312
310412
310995
311092
311584
311649
311674
311890
311897
312004
312120
312218
312496
312535
312590
312594
312867
312920
312992
313487
313639
314044
314143
314306
314474
314484
314488
314508
314598
314609
314665
314667
314704
314758
314881
315103
315245
315251
315624
315749
315755
315914
316250
316375
316395
316574
316740
317101
317471
317550
317654
317702
317875
318003
318200
318315
318385
318450
318707
319005
319030
319031
319036
319227
319232
319571
319895
320109
320197
320201
320286
320438
320469
320491
320505
320640
320752
321027
321045
321298
321316
321354
321647
321680
322193
322210
322404
322441
322455
322687
322772
322903
322921
322934
323196
323272
323345
323477
323568
323876
323903
323903
324078
324098
324111
324141
324241
324656
324731
324788
324839
325135
325166
325277
325526
325591
325726
326048
326177
326211
326240
326286
326464
326542
326596
326800
326951
327295
327359
327464
327813
327869
328309
328596
328819
329189
329393
329474
329652
329687
329693
329788
330023
330054
330060
330142
330223
330296
330332
330370
330614
330656
330682
330750
330870
330972
331012
331125
331239
331315
331317
331462
331507
331563
331640
332224
332306
332354
332495
332631
332669
332841
332994
333079
333298
333477
333489
333732
333755
333840
333941
333961
334033
334166
334194
334335
334434
334487
334634
334722
334739
334807
334914
335359
335437
335509
335781
335894
336299
336394
336519
336792
336816
337638
337639
337701
337803
338026
338148
338214
338388
338473
338496
338564
338687
338964
339062
339145
339311
339354
339356
339446
339477
339781
339809
340024
340057
340238
340386
340523
340582
340637
340773
340792
340807
340883
341102
341194
341265
341363
341478
342104
342229
342313
342354
342681
342794
342835
342882
342923
342988
343016
343206
343249
343391
343560
344126
344139
344698
345015
345319
345746
345747
345892
346125
346216
346286
346337
346477
346506
346808
347249
347377
347721
347729
347788
348024
348277
348360
348552
348728
348786
348787
348884
348901
349080
349130
349523
349579
349872
349907
349907
350105
350263
350295
350471
350720
351001
351145
351240
351290
351418
351459
351827
351877
352217
352358
352430
352431
352684
352951
353109
353270
353529
353630
353665
353760
353763
354018
354031
354138
354180
354252
354586
354735
354799
354834
354877
354920
354951
355480
355547
355613
355751
355794
356011
356035
356062
356117
356217
356332
356350
356394
356441
356526
356581
356757
356884
356886
357397
357433
357439
357750
358163
358483
358766
358783
358867
358917
359092
359106
359133
359305
359368
359480
359573
359739
360198
360228
360411
360891
361368
361661
361668
361785
361850
361932
362013
362037
362105
362248
362416
362554
362637
362667
363114
363262
363292
363329
363367
363432
363462
363512
363524
363651
363746
363765
363839
364475
364700
364859
364990
365041
365103
365349
365866
365950
366112
366244
366377
367045
367556
367632
367638
367764
368009
368071
368075
368160
368204
368317
368480
368510
368889
369052
369098
369157
369249
369295
369303
369323
369456
369596
369599
369631
369634
369675
369732
369820
369917
369927
369976
370020
370277
370366
370701
371024
371304
371452
371475
371542
371679
371699
371735
371882
371906
372100
372233
372233
372487
372535
372542
372555
372692
372707
372861
373012
373016
373168
373213
373251
373267
373278
373734
373746
373811
373814
373884
373957
374139
374237
374257
374415
374566
374636
374889
375289
375363
375934
375975
376017
376136
376290
376317
376435
376506
376514
376567
376586
376766
376820
376994
377062
377243
377288
377425
377425
377473
377503
377515
377929
377998
378133
378162
378202
378270
378443
378847
378953
379029
379247
379357
379474
379928
379992
380066
380106
380156
380469
380681
380905
381144
381174
381187
381202
381209
381477
381550
381683
381684
381694
381806
381823
381853
381872
381887
382160
382784
382954
382994
383350
383504
383882
384036
384081
384582
384901
384963
385059
385210
385392
385408
385642
385693
385722
385818
386224
386299
386303
386345
386463
386487
386490
386739
386809
386902
386962
387423
387498
387571
387606
387623
387904
388186
388220
388290
388301
388590
388653
388699
388726
388797
388807
388823
388970
389355
389425
389432
389557
389622
389683
389761
389801
389855
389865
390066
390159
390173
390290
390416
390635
390862
390915
390941
391008
391051
391094
391198
391207
391216
391256
391286
391413
391586
391797
391902
391975
391991
392422
392713
392730
392738
392750
392769
392892
392954
393001
393054
393105
393136
393185
393410
393442
393762
393843
394076
394112
394265
394317
394392
394648
394708
394721
394735
394880
395030
395097
395406
395545
395546
395573
395607
395686
395898
396021
396283
396353
396381
396460
396491
396752
396765
396900
396907
396949
397169
397242
397351
397535
397578
397625
397675
397867
397887
397972
398127
398251
398472
398571
398574
398732
398770
398793
398847
398953
398976
398988
399059
399119
399184
399844
400098
400179
400232
400419
400703
400949
401086
401220
401340
401411
401458
401561
401571
401595
401765
402104
402685
402712
402753
402939
403106
403131
403161
403678
403691
404053
404372
404529
404570
404608
404783
404791
405095
405470
405475
405522
405584
405603
405615
405906
406033
406102
406144
406234
406248
406268
406270
406316
406737
406995
407289
407349
407594
407683
407728
407763
408038
408142
408150
408221
408318
408361
408374
408480
408639
408847
408911
408937
409131
409189
409280
409373
409465
409495
409562
409642
409707
409915
410102
410149
410228
410850
410890
410944
411003
411123
411214
411335
411425
411491
411629
411676
411751
411891
411955
412208
412231
412237
412257
412351
412504
412729
412807
412949
413025
413076
413082
413280
413520
413530
413573
413613
413751
413873
413997
414062
414171
414298
414341
414508
414902
414914
414917
414989
415179
415199
415220
415226
415518
415662
415745
415797
416083
416411
416433
416453
416498
416789
416840
416913
416922
416922
416999
417062
417124
417182
417749
417869
418184
418396
418401
418510
418604
418696
418924
419008
419158
419293
419349
419463
419482
419561
419717
419717
419932
420094
420464
420625
420721
421036
421202
421413
421543
421548
421925
421933
422070
422223
422593
422800
422918
423031
423204
423286
423345
423436
423598
423610
423792
424064
424545
424552
424649
424723
424998
425053
425110
425223
425284
425285
425307
425346
425388
425490
425609
425611
425743
425754
425924
425953
426042
426045
426214
426291
426352
426471
426501
426662
426675
426730
426920
427239
427616
427642
427658
427738
427790
427965
427972
427995
428038
428064
428149
428226
428411
428542
428685
429071
429072
429254
429323
429353
429478
429495
429519
429614
429655
429676
429759
429983
430221
430391
430584
430757
430856
430940
431071
431548
431608
431711
431761
431933
432110
432611
432984
433143
433337
433423
433566
433859
434167
434550
434880
435046
435112
435125
435145
435166
435294
435296
435648
435880
435907
436028
436175
436241
436430
436518
436693
436840
436901
436920
437119
437134
437205
437206
437263
437379
437400
437548
437565
437659
437680
437743
437989
437995
437997
438006
438119
438292
438333
438601
438664
438772
438876
438906
439066
439090
439165
439523
439811
439950
440002
440123
440359
440648
440753
441125
441244
441308
441447
441542
442192
442386
442465
442485
442612
442657
442683
443000
443139
443153
443295
443558
443584
443795
443802
444015
444065
444131
444311
444683
444751
444850
444961
444986
445197
445494
445603
445681
445719
445941
445955
446116
446195
446422
446541
446556
446663
446722
446745
446844
446875
446899
446900
447221
447663
447710
447792
447867
447895
447951
447994
448174
448210
448299
448371
448424
448516
448517
448783
448913
448924
448946
449092
449092
449107
449283
449299
449351
449373
449420
449646
449744
449774
449952
450172
450244
450494
450935
450956
451033
451063
451071
451259
451296
451441
451784
451953
451963
451983
452010
452015
452496
452587
452626
452668
452679
452969
453185
453340
453427
453795
453847
453937
454110
454256
454262
454323
454410
454575
454640
454797
454841
455102
455154
455176
455327
455766
455826
455884
455928
455961
456031
456131
456215
456533
456772
456786
456798
456856
456865
457098
457229
457242
457254
457302
457545
457698
457885
458132
458461
458477
458761
458871
458885
459089
459186
459227
459252
459323
459388
459424
459435
459451
459474
459583
459829
460126
460263
460468
460529
460529
460778
461103
461313
461469
461825
461829
461882
462010
462057
462141
462172
462173
462455
462532
462541
462772
462797
463095
463251
463692
463749
464045
464104
464194
464372
464729
464739
464866
464943
465043
465160
465160
465169
465267
465439
465596
465617
465697
465743
465759
465804
465872
465876
465886
465991
466041
466055
466255
466599
466695
466813
466894
466907
467022
467191
467362
467445
467449
467660
468211
468262
468266
468376
468464
468607
468642
468807
468870
469041
469244
469411
469530
469532
469581
469616
469637
469783
469794
470164
470533
470653
471043
471106
471213
471266
471283
471378
471469
471572
471616
471827
472024
472073
472090
472177
472306
472327
472559
472711
472721
472921
473005
473069
473071
473108
473116
473639
473684
473844
474117
474222
474378
474448
474455
474634
474669
475132
475257
475263
475339
475348
475389
475824
475942
476435
476436
476591
476777
476859
476892
476904
477041
477257
477312
477316
477359
477390
477391
477649
477711
477779
478122
478617
478813
478849
478866
478869
479042
479272
479340
479446
479506
479528
479691
479836
479889
479906
480160
480191
480438
480640
480887
480888
480893
481258
481614
481688
481851
481870
481922
482082
482273
482281
482291
482451
482459
482751
482771
483060
483110
483305
483367
483618
483629
483670
483736
483739
483742
483809
484013
484064
484222
484496
484506
484633
484746
485030
485359
485465
485647
485683
485685
485701
485926
486074
486143
486427
486475
486479
486547
486548
486615
486675
486728
486946
487192
487202
487561
487663
487826
487994
488040
488091
488231
488279
488567
488639
488693
488778
488796
488908
488996
489020
489034
489055
489667
489722
489930
489935
490168
490209
490239
490271
490317
490550
490562
490751
490754
490826
491020
491160
491211
491299
491327
491585
491594
491729
492024
492139
492277
492411
492456
492480
492553
492688
492745
493469
493538
493557
493575
493663
493956
494050
494073
494095
494127
494128
494157
494188
494452
494548
494598
494713
494759
494822
495316
495354
495384
495435
495572
495637
495814
495898
495959
495968
496037
496513
496521
496606
496630
496773
496952
496985
496992
497216
497277
497302
497435
497443
497478
497647
497720
497977
498092
498302
498359
498490
498540
498543
498564
498824
498836
499137
499278
499306
499327
499475
499487
499613
499693
499741
499977
500275
500327
500344
500373
500529
500551
500620
500674
500753
500771
501019
501077
501107
501573
501897
501963
502063
502083
502177
502390
502508
502562
502593
503276
503586
503893
504000
504035
504094
504101
504259
504271
504540
504646
504710
504834
504875
505091
505183
505228
505355
505929
505975
506086
506380
506541
506627
506670
506702
506721
506824
506957
507412
507473
507604
507630
507798
507880
507978
508018
508087
508126
508241
508267
508374
508484
508618
508922
508960
509025
509034
509103
509274
509354
509417
509442
509611
509677
509686
509793
510016
510112
510193
510240
510270
510291
510322
510387
510426
510528
510748
510782
510787
510829
511028
511067
511284
511318
511512
511714
511839
512353
512580
512618
512721
512819
512861
512870
512871
512970
512990
513070
513076
513138
513250
513332
513334
513402
513402
513414
513777
513816
513869
514431
514517
514907
515001
515030
515537
515648
515707
515732
515907
516007
516072
516122
516127
516161
516207
516215
516251
516399
516404
516455
516536
516570
516664
516802
516916
516936
516937
516979
517015
517069
517234
517438
517494
517550
517574
517823
518018
518037
518245
518454
518633
518841
518856
519113
519126
519217
519416
519460
519578
519578
519598
519615
519915
519949
520059
520151
520297
520308
520321
520434
520457
520556
520586
520679
520691
520811
520840
521348
521875
521880
521938
521997
522020
522189
522199
522407
522477
522665
522907
522999
523000
523016
523241
523247
523247
523414
523523
523552
523741
523776
523780
524043
524058
524243
524323
524438
524500
524756
525024
525064
525119
525309
525420
525452
526073
526113
526291
526476
526807
526984
527117
527198
527576
527584
527669
527712
527713
527755
527764
527863
527908
528160
528495
528636
528948
529360
529375
529447
529550
529769
529821
529915
530031
530278
530356
530903
530964
531068
531098
531299
531304
531497
531541
531560
531746
531954
532050
532086
532187
532592
532606
532654
532921
533028
533097
533288
533486
533755
534032
534074
534154
534891
535264
535304
535313
535316
535446
535491
535719
535843
535953
535991
536032
536159
536208
536285
536534
536539
536644
536929
537013
537257
537443
537451
537473
537579
537591
537814
538181
538293
538540
538762
538945
538957
539158
539199
539301
539346
539413
539507
539614
539659
539761
539826
539927
540026
540182
540255
540256
540338
540383
540420
540451
540459
540709
540750
540800
540804
540814
540871
540897
541316
541430
541489
541691
541776
541824
541836
541883
542031
542237
542761
543105
543467
543641
543648
543686
543715
543831
543917
544065
544069
544074
544142
544152
544442
544477
545008
545097
545100
545137
545343
545425
545829
546227
546253
546605
546616
546804
546810
546820
547018
547019
547695
547737
547777
547794
547977
548065
548094
548350
548602
548608
548675
549077
549085
549099
549250
549339
549467
549611
549628
549642
549662
549893
550234
550374
551070
551236
551268
551364
551389
551410
551410
551431
551545
552711
552877
553413
553482
553510
553520
553686
553780
553812
553923
554068
554194
554231
554254
554280
554632
554652
554666
554732
555064
555316
555340
555376
555438
556269
556287
556349
556462
556553
556560
556588
556610
556635
556746
557060
557277
557369
557486
557515
557532
557703
557715
557918
557956
558139
558412
558507
558577
559080
559201
559288
559401
559404
559600
559637
559735
560014
560045
560052
560078
560326
560347
560355
560411
560450
560535
560635
560684
560853
561169
561273
561303
561374
561380
561600
562129
562259
562316
562317
562501
562535
562578
562598
562607
562626
563548
563631
563723
563819
563873
563971
563977
563989
564047
564060
564212
564218
564302
564387
564413
564438
564485
564537
564570
564807
564950
565145
565241
565357
565419
565638
565703
565753
565837
565859
565954
566150
566305
566617
566675
566807
566965
567258
567283
567289
567465
567481
567596
567614
567698
567698
568314
568399
568432
568442
568601
569057
569097
569314
569352
569372
569459
569620
569622
569706
569776
569970
569982
570175
570242
570811
570833
570881
571016
571109
571610
572154
572184
572316
572414
572435
572455
572500
572536
572547
572577
572706
572881
573028
573054
573108
573268
573460
573565
573988
574066
574089
574109
574409
574667
574815
575088
575139
575401
575416
575436
575564
575683
575724
575760
575792
576108
576192
576412
576416
576553
577023
577126
577158
577162
577268
577270
577590
577630
577739
577936
577973
578103
578251
578309
578436
578469
578481
578797
578913
579028
579056
579223
579254
579348
579869
579919
579984
580097
580274
580302
580329
580330
580503
580621
580709
580847
580848
580911
581022
581209
581242
581243
581379
581428
581438
581589
582014
582235
582518
582599
582779
582819
582895
583100
583472
583573
583623
583666
583670
583990
584015
584026
584109
584144
584227
584227
584333
584399
584765
585328
585387
586104
586151
586188
586372
586789
586806
586888
586910
586918
587056
587472
587518
587845
587948
588269
588309
588371
588455
588519
588571
588598
588644
588690
588721
589346
589400
589681
589726
589752
589799
589811
590322
590411
590502
590948
591095
591353
591523
591542
591548
591852
591901
591998
592360
592376
592498
592509
592572
592650
592703
592704
592729
592736
592867
592906
593182
593371
593791
593828
593859
593884
594064
594082
594239
594445
594638
594742
594760
594950
594966
594988
595045
595153
595205
595218
595295
595429
595474
595539
595544
595602
595692
595793
595870
595936
596016
596386
596411
596581
596600
596694
596862
596993
597056
597368
597443
597548
597951
597962
598298
598340
598364
598484
598783
598940
599180
599305
599319
599606
599989
600014
600093
600117
600147
600165
600217
600403
600573
600920
601210
601507
601650
602091
602112
602198
602279
602362
602514
602559
602618
602646
603275
603551
603663
603892
604069
604124
604238
604523
604532
604774
604838
605183
605319
605324
605356
605603
606090
606262
606300
606357
606433
606603
606785
606888
606896
607026
607116
607192
607211
607215
607311
607377
607499
607588
607638
608132
608541
608676
608749
608772
608840
608898
609027
609056
609125
609606
609734
610115
610349
610551
611042
611156
611232
611336
611599
611600
611855
612160
612201
612518
612687
612878
612891
612898
612903
613100
613300
613842
613965
614110
614214
614542
614621
614725
614750
614899
614901
615007
615015
615175
615238
615328
615784
615790
615830
616350
616401
616621
616640
616648
616652
616714
616776
616793
616902
616984
617107
617167
617473
617697
617781
617788
617809
617860
618000
618206
618353
618379
618518
619133
619139
619201
619213
619253
619332
619657
619660
619803
620097
620271
620483
620605
620709
620818
620946
620982
621010
621155
621204
621373
621615
621634
621685
621687
621832
621882
622250
622402
622817
623019
623143
623368
623642
623646
623687
623723
623832
623902
623922
624126
624245
624275
624631
624645
624765
624802
624930
624964
624994
625041
625127
625170
625482
625550
625707
625872
625965
625998
626092
626124
626133
626234
626389
626461
626559
626643
626994
626999
627025
627112
627197
627322
627497
627958
628079
628124
628161
628245
628421
628433
628483
629015
629112
629141
629179
629235
629307
629378
629612
629650
629735
629899
629907
629995
630149
630324
630652
630729
630758
630929
631045
631227
631408
631414
631595
631628
631767
631769
631810
631906
631927
632091
632121
632126
632248
632336
632358
632435
632543
632891
632928
633123
633133
633348
633439
633617
633636
633655
633702
633833
634160
634180
634222
634310
634336
634351
634395
634464
634627
634734
634931
634937
635188
635437
635437
635439
635564
635713
636073
636105
636255
636466
636484
636912
636949
637391
637435
637481
637488
637495
637684
637752
637759
637944
638123
638367
638747
638761
638860
638955
639200
639345
639363
639555
639588
639731
639862
639927
639984
640029
640067
640068
640231
640457
640654
640699
641096
641164
641204
641219
641287
641486
641758
641954
642155
642182
642225
642422
642514
642610
642788
642920
643129
643243
643320
643380
643551
643646
643687
643948
644016
644069
644132
644148
644157
644177
644262
644348
644651
644665
644927
644941
645147
645215
645481
645578
646018
646120
646203
646450
646735
646740
646774
646782
646783
646891
646899
647337
647445
647604
647846
647913
647941
648149
648307
648352
648357
648401
648554
648630
648798
648865
648892
648915
648973
649235
649289
649341
649437
649483
649584
649809
649815
649829
649838
649886
649939
650409
650510
650916
650927
651197
651305
651352
651494
651537
651721
651784
651802
651952
652476
652524
652604
652650
652687
652691
652762
652918
653091
653204
653334
653560
653766
653772
653969
654046
654194
654281
654311
654485
654553
654565
654677
654787
654800
654880
654902
654928
654956
655512
655525
655540
655743
655802
655857
655925
656091
656183
656319
656395
656414
656656
656804
656860
656891
656973
657057
657309
657450
657608
657615
657737
658133
658171
658288
658492
658551
658556
658689
659018
659047
659097
659120
659674
659692
659775
659987
660069
660112
660328
661175
661247
661307
661493
661811
661811
661893
661930
661936
661950
662022
662146
662963
663143
663296
663404
663585
663610
663692
663769
663915
663974
664080
664094
664130
664276
664294
664307
664514
664550
664554
664574
664663
664823
664848
664919
664976
665069
665081
665372
665474
665637
665864
665927
665943
666075
666190
666216
666345
666345
666383
666398
666443
666896
667355
667381
667406
667528
667635
668247
668522
668620
669070
669170
669272
669285
669871
670087
670098
670136
670170
670269
670426
671145
671198
671235
671262
671369
671373
671568
671678
671722
671864
671936
672200
672212
672560
672913
673007
673114
673352
673436
673636
673794
673849
673920
673931
674176
674271
674350
674416
674505
674824
674957
674999
675006
675083
675398
675476
675518
675613
675836
675970
676057
676113
676326
676552
676920
676982
677108
677117
677385
677611
677698
677885
677903
677924
677992
678137
678180
678368
678381
678682
678699
678884
678921
679078
679350
679713
679776
680022
680239
680249
680342
680485
680533
680552
680583
680602
680779
681111
681591
681605
681631
681714
681750
681861
681913
682150
682254
682261
682797
682881
682938
683149
683154
683289
683359
683530
683532
683576
683689
683995
684394
684413
684440
684496
685010
685023
685164
685417
685523
685624
685632
685736
685749
685789
685897
686030
686166
686222
686304
686369
686380
686480
686561
686572
686631
686688
686869
686892
686925
687201
687717
687754
687760
687789
687859
688018
688207
688257
688318
689020
689265
689330
689567
689827
689912
689950
689969
689970
690009
690157
690194
690248
690271
690328
690635
690790
690909
691028
691127
691166
691258
691323
691430
691456
691459
691552
691781
692144
692282
692640
692735
692940
692947
693017
693029
693087
693167
693225
693232
693328
693397
693426
693437
693570
693732
693758
694029
694103
694211
694353
694410
694475
694484
694603
694623
694681
694912
694971
695065
695163
695220
695242
695323
695398
695449
695487
695618
695622
695639
695711
695847
696049
696136
696156
696230
696339
696651
696841
697027
697173
697265
697932
698043
698053
698343
698361
698471
698572
698699
698899
699153
699212
699298
699361
699489
699496
699497
699532
699607
699685
699813
699872
700028
700125
700211
700286
700297
700349
700383
700470
700660
700723
701071
701119
701293
701405
701641
701813
701869
702010
702102
702128
702347
702501
702857
703143
703245
703399
703623
703815
703873
703900
704046
704215
704297
704420
704439
704483
704667
704741
704809
704887
705196
705220
705644
705648
705653
705737
705767
705868
705893
705996
706047
706216
706438
706617
706801
706826
706847
707056
707107
707283
707497
707550
707600
707821
707887
707991
708019
708060
708154
708417
708648
708758
708848
708902
708988
709124
709129
709314
709350
709368
709568
709622
709645
709911
709946
709981
709982
710435
710830
710997
711227
711274
711312
711361
711373
711541
711560
711561
711789
712006
712052
712228
712284
713001
713008
713090
713298
713463
713619
713624
713873
713941
713958
714068
714071
714370
714494
714533
714581
715156
715266
715286
715511
715543
715591
715939
716245
716281
716365
716413
716448
716516
716539
716613
716648
716849
716897
716924
717046
717048
717106
717363
717442
717467
717518
717540
717764
717899
718019
718223
718285
718299
718657
718761
718803
718943
719045
719110
719475
719516
719629
719762
720109
720233
720253
720256
720266
720295
720296
720348
720517
720530
720543
720584
720856
720860
720945
721039
721271
721387
721457
721521
721573
722189
722225
722291
722361
722459
722528
722596
722690
722998
723144
723335
723441
723738
723854
723885
723993
724023
724043
724090
724606
724733
725325
725391
725510
725660
726011
726082
726214
726221
726434
726609
726643
726795
726846
726975
727018
727103
727498
727541
727597
727677
727779
727859
727969
728015
728095
728224
728287
728436
728474
728631
728717
728884
729101
729326
729486
729513
729825
729947
730193
730415
730646
730801
731004
731046
731385
731402
731664
731718
731724
731806
732001
732150
732220
732296
732380
732411
732798
732861
733159
733390
733468
733602
733723
733950
734053
734130
734245
734424
734431
734514
734546
734576
734708
735013
735050
735221
735284
735363
735469
735668
735704
736203
736266
736274
736459
736517
736917
737027
737095
737253
737347
737366
737379
737423
737440
737536
737601
737747
737914
737966
738055
738142
738144
738197
738245
738267
738340
738625
738684
739008
739203
739449
739491
739673
739691
739990
740090
740105
740189
740386
740432
740481
740545
740572
740585
740638
740677
740855
741036
741078
741137
741253
741419
741919
742229
742268
742337
742529
742677
742682
742735
742769
742817
742866
742909
743046
743423
743701
743809
743836
743843
743965
744162
744272
744360
744368
744504
744617
744627
744941
744965
745004
745110
745163
745479
745556
745575
745595
745889
746200
746255
746539
746752
746797
746883
746917
746992
747009
747095
747214
747334
747712
747891
747951
747954
748009
748208
748241
748280
748290
748388
748601
748602
748635
748831
749045
749291
749325
749734
749907
749948
750029
750206
750258
750283
750375
750466
750634
750652
750913
750919
750939
751475
751485
751642
751678
751943
752098
752306
752388
752744
752755
752766
752917
753053
753108
753344
753436
753482
753592
753624
754093
754232
754366
754792
754815
755042
755130
755179
755331
755543
755580
755984
756012
756393
756427
756469
756552
756623
756635
756703
756854
756999
757088
757108
757389
757447
757454
757600
757607
757620
757857
757934
757948
758645
758728
758731
758786
759018
759054
759241
759320
759355
759487
759714
759762
759882
759889
759951
760060
760282
760292
760606
760681
760994
761319
761405
761530
761583
761665
761787
761830
762059
762122
762134
762311
763043
763272
763315
763479
763629
763680
763746
763850
763853
763931
763962
763978
764018
764027
764049
764381
764416
764532
764642
764699
764786
764881
764898
764951
765092
765138
765239
765540
765652
765656
765921
765950
766097
766651
766664
766672
766787
766884
766935
767240
767466
767733
767741
767950
767961
768064
768067
768251
768333
768370
768400
768408
768556
768773
768955
769016
769073
769103
769155
769652
769872
769928
770000
770165
770188
770401
770568
770786
770807
770908
771025
771108
771254
771414
771480
771633
771770
771784
771806
771811
771812
771830
772083
772531
772538
772663
772692
772706
772944
773018
773169
773330
773384
773427
773435
773564
773595
773761
774017
774095
774159
774457
774498
774565
774618
774620
774649
775183
775338
775560
775627
775637
775725
776123
776342
776412
776555
776803
776978
777032
777046
777079
777105
777174
777206
777232
777360
777455
777554
777669
777713
777883
777998
778105
778436
778450
778618
778780
778815
778933
778937
779078
779253
779365
779607
779757
780280
780566
780569
780573
780722
780792
781167
781177
781201
781280
781443
781487
781624
781670
782025
782030
782125
782225
782280
782314
782573
782664
782686
782691
782695
782811
782989
783201
783330
783443
783457
783547
783616
783658
783738
783754
783808
783914
784115
784294
784304
784667
784675
784678
784906
785119
785186
785345
785356
785358
785416
785556
785599
785867
785910
786031
786251
786582
786707
786710
787082
787118
787232
787459
787591
787712
787792
787960
788164
788183
788198
788323
788397
788589
788668
788730
788858
788983
789077
789185
789646
789735
789870
789927
790074
790258
790312
790451
790453
790601
790824
790854
790860
790882
790990
791046
791237
791518
791578
791628
792301
792359
792511
792577
792606
792621
792627
792633
792657
792686
792840
792953
792963
793179
793387
793541
793756
793838
793870
793981
794066
794080
794183
794247
794352
794722
794890
794913
795042
795249
795275
795371
795464
795752
795866
795922
795943
796008
796130
796410
796473
796546
796872
797395
797430
797566
797617
797645
797661
797770
797778
798061
798139
798255
798541
798599
798612
798658
798949
798992
799030
799052
799264
799305
799507
799522
799692
799806
800042
800100
800236
800255
800538
800542
800585
800604
800691
800782
800930
800967
801214
801707
801734
801854
802041
802272
802402
802483
802543
802592
802598
802719
803057
803062
803126
803193
803283
803305
803316
803377
803387
803561
803844
804062
804109
804288
804516
804538
804683
804865
805366
805540
805599
805824
806002
806024
806146
806157
806159
806263
806374
806776
806852
806913
806968
807092
807167
807254
807437
807458
807482
807581
807893
808139
808363
808451
808567
808615
808638
808668
808802
808832
809351
809479
809608
809788
809811
809869
809917
809926
810192
810300
810319
810468
810604
811010
811080
811133
811259
811567
811652
811924
812000
812038
812094
812099
812422
812536
812551
812583
812759
812942
813106
813112
813200
813355
813635
813780
813932
813949
814226
814330
814390
814391
814423
814474
814503
814651
814657
814832
815009
815030
815032
815039
815100
815229
815340
815378
815463
815523
815623
815740
815884
816067
816101
816104
816134
816224
816272
816442
816536
816807
816918
816976
817115
817233
817583
818283
818422
818824
819128
819477
819582
819696
819732
819750
819769
819800
820008
820198
820346
820527
821041
821104
821130
821218
821575
822122
822183
822193
822397
822397
822655
822699
822776
822845
822987
823399
823487
823519
823522
823595
823600
823874
823911
824023
824562
824813
824884
825038
825040
825106
825198
825316
825335
825437
825521
825659
825747
825813
826005
826510
826555
826593
826648
826675
826821
826855
827154
827339
827497
827498
827801
827904
827970
828118
828140
828189
828303
828323
828337
828357
828362
828512
828570
828589
828646
828677
828746
828754
828780
828871
828886
828900
828911
829177
829322
829381
829403
829581
829614
829614
829878
829901
830369
830720
830752
830935
830949
831098
831134
831168
831333
831414
831652
831738
831860
831878
832319
832450
832506
832854
832958
833016
833082
833104
833139
833300
833427
833548
833574
833769
833823
833933
834010
834221
834382
834386
834406
834443
834511
834545
834549
834557
834744
835046
835565
835600
835618
835759
835825
835833
835857
836107
836123
836320
836375
836417
836440
836476
836725
836849
836896
837158
837370
837412
837894
838125
838337
838375
838863
839069
839073
839142
839175
839270
839326
839336
839447
839585
839668
839690
839710
839755
839805
839833
839858
839965
840149
840206
840416
840444
840652
840836
840928
841026
841059
841289
841370
841555
841577
841637
841746
841825
841840
841880
842106
842146
842200
842303
842309
842309
842395
842409
843100
843246
843555
844110
844149
844165
844263
844267
844382
844615
844664
844732
844797
844863
845066
845133
845331
845728
845891
845924
846260
846412
846438
846588
846819
846864
847118
847157
847224
847408
847447
847630
847763
847819
847823
847909
848004
848099
848353
848406
848465
848660
848774
848964
849052
849095
849097
849118
849454
849892
850038
850097
850306
850552
850580
850723
850870
851012
851102
851133
851214
851446
851627
851665
851724
851725
851757
851882
852195
852712
852754
852916
852961
853003
853171
853210
853419
853505
853588
853697
853757
853912
854037
854096
854828
854873
854900
855030
855275
855371
855525
855543
855974
856175
856559
856703
856859
857151
857363
857490
857700
857729
857858
857918
858058
858302
858332
858411
858496
858771
858913
859122
859574
859731
859886
859900
860051
860139
860211
860242
860374
860451
860458
860565
860741
860756
860944
860987
861578
861590
861997
862079
862167
862398
862498
862668
862681
862751
863100
863124
863154
863260
863283
863477
863517
863560
863742
863884
864350
864520
864531
864631
865185
865217
865383
865406
865521
865566
865944
866186
866240
866361
866405
866570
866869
867005
867034
867121
867184
867320
867610
867699
867782
867883
867889
868000
868088
868091
868190
868209
868410
868508
868602
868705
868760
869001
869436
869640
869719
869722
869902
869912
869913
870004
870443
870465
870860
871047
871295
871391
871485
871538
871620
871639
871665
872028
872141
872169
872313
872412
872574
872613
872756
872773
872927
872966
873368
873388
873679
873723
874144
874250
874298
874519
874591
874600
874786
874938
875076
875241
875270
875351
875399
875563
875713
875860
875936
876009
876122
876164
876357
876499
876550
876828
876831
876979
876998
877040
877136
877231
877340
877455
877503
877746
877892
877939
877955
878022
878166
878881
879001
879256
879269
879270
879372
879416
879424
879665
879736
879919
879933
880495
880580
880646
880694
880759
880912
881115
881164
881341
881402
881452
881478
881597
881872
882047
882120
882207
882436
882454
882703
882812
882874
882909
882992
883032
883211
883530
883636
883885
883922
884356
884557
884645
884689
884722
884731
884827
885141
885243
885456
885456
885600
885651
885967
886405
886423
886459
886550
886559
886744
886967
887044
887407
887553
887761
887931
888260
888435
888449
888484
888492
888690
888702
888763
888935
888974
889166
889256
889469
889555
889635
889872
890047
890117
890245
890356
890778
890804
891013
891272
891539
891652
891963
892432
892468
892493
892767
892778
893483
893645
893664
893714
893750
894101
894111
894137
894148
894160
894296
894345
894459
894557
894589
894757
894983
895017
895202
895339
895470
895596
895627
895706
895725
895946
896098
896150
896248
896293
896302
896604
896826
896940
896947
897366
897544
898039
898041
898143
898167
898394
898511
898580
898919
898921
898965
899005
899040
899139
899361
899374
899595
899797
900047
900236
900409
900443
900708
900715
900840
900924
901025
901175
901282
901437
901456
901464
901551
901709
901719
901748
901826
901847
901851
901892
901928
901959
902087
902231
902247
902430
902460
902573
902711
902928
903232
903233
903574
903587
903896
904015
904065
904067
904516
904572
904777
905143
905176
905344
905465
905652
905843
905889
905947
905988
906043
906091
906197
906465
906474
906850
907051
907164
907310
907346
907374
907600
907638
907673
907820
908183
908213
908292
908350
908380
908476
908534
908759
908807
908845
908899
908906
908919
908939
908952
909010
909016
909058
909143
909326
909361
909622
909654
909683
909709
909989
910095
910176
910177
910189
910246
910405
910433
910549
910591
910756
910765
910959
911071
911093
911133
911205
911395
911530
911574
911771
911808
911839
911850
912376
912497
912673
912708
912793
912917
912978
913079
913090
913605
913608
913700
913890
913968
914492
914529
914531
914617
914623
914682
914912
914992
915025
915123
915181
915288
915641
915790
915825
915863
916002
916344
916460
916494
916816
917117
917145
917256
917312
917445
917573
917782
917845
917946
917978
918070
918130
918411
918778
919017
919036
919292
919360
919606
920068
920383
920447
920733
920779
920789
920853
921205
921258
921298
921334
921361
921451
921873
922006
922031
922224
922267
922314
922376
922536
922669
922675
922771
922891
922916
923117
923228
923342
923360
923390
923619
923675
923873
924045
924047
924223
924495
924515
924600
924694
924906
924917
925100
925113
925145
925179
925196
925241
925288
925372
925465
925647
925817
925833
925929
926274
926387
926599
926823
926946
927064
927143
927173
927180
927199
927222
927348
927573
927616
927631
927641
927739
928080
928096
928272
928343
928360
928545
929252
929370
929551
929552
929711
929862
930047
930412
930430
930431
930433
930512
930708
930800
930965
931119
931395
931409
931529
931564
931653
931798
932007
932595
932605
932735
932941
932998
933060
933195
933207
933271
933328
933422
933538
933737
933751
933814
934713
935257
935552
935607
935614
935785
935812
935845
936055
936197
936390
936517
936529
936564
936589
936619
936654
936718
936988
937019
937161
937491
937536
937662
937695
937872
937972
938016
938293
938678
938693
938793
938830
938932
939683
939727
939832
939836
940048
940153
940208
940369
940598
940657
940977
941369
941562
941775
942051
942260
942591
942599
942667
942689
942723
942751
942950
943080
943131
943145
943222
943224
943568
943661
943668
943728
943752
943844
944000
944012
944365
944489
944968
944995
945003
945093
945103
945121
945716
945767
945791
945898
946189
946221
946723
946777
946782
946789
946803
947071
947325
947372
947588
947646
947804
948186
948199
948538
948639
948705
948810
948817
948898
948917
949052
949128
949531
949617
949778
949829
949845
949849
949914
949920
949953
950008
950091
950137
950317
950331
950439
950454
950661
950786
950977
951031
951101
951128
951295
951319
951352
951361
951821
952002
952265
952594
952790
952892
953027
953317
953456
953662
953677
953785
953798
953837
954304
954415
954515
954530
954703
954929
954995
955245
955284
955334
955917
955954
956013
956014
956161
956243
956300
956335
956471
956492
956573
956832
956849
956903
957222
957281
957714
957819
958045
958195
958204
958226
958293
958483
958485
958761
959041
959108
959270
959274
959291
959530
959546
959630
959647
959804
960013
960080
960261
960293
960423
960454
960618
960844
960849
961271
961386
961430
961488
961586
961598
961900
962301
962608
962772
962853
963022
963326
963339
963382
963557
963599
963605
963773
963798
964171
964316
964341
964413
964485
964549
964711
964870
964889
965154
965357
965432
965468
965670
965794
966018
966717
966764
966794
966847
966921
966961
967007
967044
967058
967127
967214
967223
967279
967298
967300
967337
967521
967676
967741
967864
967884
967957
968581
969079
969396
969697
969738
969769
970029
970173
970247
970297
970785
970833
971105
971141
971239
971579
971717
971733
971825
972073
972310
972334
972345
972374
972499
972620
972997
973581
973730
973818
973860
973886
973960
974041
974333
974346
974407
974550
974557
974628
974640
974715
974745
974758
974843
974869
974975
975059
975062
976073
976082
976164
976296
976298
976361
976415
976653
976714
976750
976766
976890
976967
977024
977108
977149
977306
977327
977400
977464
977470
977683
977855
977858
977883
977934
977985
978212
978415
978460
978526
978633
978671
978753
978813
978816
978859
978970
978974
979210
979255
979315
979370
979432
979499
979858
980245
980407
980486
980566
980615
980800
980895
980917
981120
981270
981413
981719
981753
981997
982033
982133
982252
982571
982592
982652
982713
982790
982905
983002
983080
983083
983096
983157
983254
983360
983368
983414
983506
983633
983666
983848
984257
984405
984449
984486
984627
984718
984723
984917
985169
985265
985319
985442
985682
985891
986087
986190
986205
986237
986248
986521
986734
986774
986840
987049
987101
987206
987280
987452
987584
987632
987794
987847
987886
987994
988032
988185
988322
988380
988467
988593
988828
988951
989220
989505
989669
989700
989897
990000
990137
990308
990363
990759
990781
990932
991010
991028
991066
991169
991336
992307
992547
992623
992719
992796
992976
993033
993039
993053
993331
993536
993543
993616
993672
993971
994035
994091
994468
994576
994874
995003
995422
995618
995832
995951
996008
996197
996202
996475
996559
996850
996916
996955
997122
997216
997230
997728
997878
997997
998319
998435
998657
998703
998715
998757
998917
999166
999306
999433
999506
999561
999572
999586
999764
999884