999884
999764
999586
999572
999561
999506
999433
999306
999166
998917
998757
998715
998703
998657
998435
998319
997997
997878
997728
997230
997216
997122
996955
996916
996850
996559
996475
996202
996197
996008
995951
995832
995618
995422
995003
994874
994576
994468
994091
994035
993971
993672
993616
993543
993536
993331
993053
993039
993033
992976
992796
992719
992623
992547
992307
991336
991169
991066
991028
991010
990932
990781
990759
990363
990308
990137
990000
989897
989700
989669
989505
989220
988951
988828
988593
988467
988380
988322
988185
988032
987994
987886
987847
987794
987632
987584
987452
987280
987206
987101
987049
986840
986774
986734
986521
986248
986237
986205
986190
986087
985891
985682
985442
985319
985265
985169
984917
984723
984718
984627
984486
984449
984405
984257
983848
983666
983633
983506
983414
983368
983360
983254
983157
983096
983083
983080
983002
982905
982790
982713
982652
982592
982571
982252
982133
982033
981997
981753
981719
981413
981270
981120
980917
980895
980800
980615
980566
980486
980407
980245
979858
979499
979432
979370
979315
979255
979210
978974
978970
978859
978816
978813
978753
978671
978633
978526
978460
978415
978212
977985
977934
977883
977858
977855
977683
977470
977464
977400
977327
977306
977149
977108
977024
976967
976890
976766
976750
976714
976653
976415
976361
976298
976296
976164
976082
976073
975062
975059
974975
974869
974843
974758
974745
974715
974640
974628
974557
974550
974407
974346
974333
974041
973960
973886
973860
973818
973730
973581
972997
972620
972499
972374
972345
972334
972310
972073
971825
971733
971717
971579
971239
971141
971105
970833
970785
970297
970247
970173
970029
969769
969738
969697
969396
969079
968581
967957
967884
967864
967741
967676
967521
967337
967300
967298
967279
967223
967214
967127
967058
967044
967007
966961
966921
966847
966794
966764
966717
966018
965794
965670
965468
965432
965357
965154
964889
964870
964711
964549
964485
964413
964341
964316
964171
963798
963773
963605
963599
963557
963382
963339
963326
963022
962853
962772
962608
962301
961900
961598
961586
961488
961430
961386
961271
960849
960844
960618
960454
960423
960293
960261
960080
960013
959804
959647
959630
959546
959530
959291
959274
959270
959108
959041
958761
958485
958483
958293
958226
958204
958195
958045
957819
957714
957281
957222
956903
956849
956832
956573
956492
956471
956335
956300
956243
956161
956014
956013
955954
955917
955334
955284
955245
954995
954929
954703
954530
954515
954415
954304
953837
953798
953785
953677
953662
953456
953317
953027
952892
952790
952594
952265
952002
951821
951361
951352
951319
951295
951128
951101
951031
950977
950786
950661
950454
950439
950331
950317
950137
950091
950008
949953
949920
949914
949849
949845
949829
949778
949617
949531
949128
949052
948917
948898
948817
948810
948705
948639
948538
948199
948186
947804
947646
947588
947372
947325
947071
946803
946789
946782
946777
946723
946221
946189
945898
945791
945767
945716
945121
945103
945093
945003
944995
944968
944489
944365
944012
944000
943844
943752
943728
943668
943661
943568
943224
943222
943145
943131
943080
942950
942751
942723
942689
942667
942599
942591
942260
942051
941775
941562
941369
940977
940657
940598
940369
940208
940153
940048
939836
939832
939727
939683
938932
938830
938793
938693
938678
938293
938016
937972
937872
937695
937662
937536
937491
937161
937019
936988
936718
936654
936619
936589
936564
936529
936517
936390
936197
936055
935845
935812
935785
935614
935607
935552
935257
934713
933814
933751
933737
933538
933422
933328
933271
933207
933195
933060
932998
932941
932735
932605
932595
932007
931798
931653
931564
931529
931409
931395
931119
930965
930800
930708
930512
930433
930431
930430
930412
930047
929862
929711
929552
929551
929370
929252
928545
928360
928343
928272
928096
928080
927739
927641
927631
927616
927573
927348
927222
927199
927180
927173
927143
927064
926946
926823
926599
926387
926274
925929
925833
925817
925647
925465
925372
925288
925241
925196
925179
925145
925113
925100
924917
924906
924694
924600
924515
924495
924223
924047
924045
923873
923675
923619
923390
923360
923342
923228
923117
922916
922891
922771
922675
922669
922536
922376
922314
922267
922224
922031
922006
921873
921451
921361
921334
921298
921258
921205
920853
920789
920779
920733
920447
920383
920068
919606
919360
919292
919036
919017
918778
918411
918130
918070
917978
917946
917845
917782
917573
917445
917312
917256
917145
917117
916816
916494
916460
916344
916002
915863
915825
915790
915641
915288
915181
915123
915025
914992
914912
914682
914623
914617
914531
914529
914492
913968
913890
913700
913608
913605
913090
913079
912978
912917
912793
912708
912673
912497
912376
911850
911839
911808
911771
911574
911530
911395
911205
911133
911093
911071
910959
910765
910756
910591
910549
910433
910405
910246
910189
910177
910176
910095
909989
909709
909683
909654
909622
909361
909326
909143
909058
909016
909010
908952
908939
908919
908906
908899
908845
908807
908759
908534
908476
908380
908350
908292
908213
908183
907820
907673
907638
907600
907374
907346
907310
907164
907051
906850
906474
906465
906197
906091
906043
905988
905947
905889
905843
905652
905465
905344
905176
905143
904777
904572
904516
904067
904065
904015
903896
903587
903574
903233
903232
902928
902711
902573
902460
902430
902247
902231
902087
901959
901928
901892
901851
901847
901826
901748
901719
901709
901551
901464
901456
901437
901282
901175
901025
900924
900840
900715
900708
900443
900409
900236
900047
899797
899595
899374
899361
899139
899040
899005
898965
898921
898919
898580
898511
898394
898167
898143
898041
898039
897544
897366
896947
896940
896826
896604
896302
896293
896248
896150
896098
895946
895725
895706
895627
895596
895470
895339
895202
895017
894983
894757
894589
894557
894459
894345
894296
894160
894148
894137
894111
894101
893750
893714
893664
893645
893483
892778
892767
892493
892468
892432
891963
891652
891539
891272
891013
890804
890778
890356
890245
890117
890047
889872
889635
889555
889469
889256
889166
888974
888935
888763
888702
888690
888492
888484
888449
888435
888260
887931
887761
887553
887407
887044
886967
886744
886559
886550
886459
886423
886405
885967
885651
885600
885456
885456
885243
885141
884827
884731
884722
884689
884645
884557
884356
883922
883885
883636
883530
883211
883032
882992
882909
882874
882812
882703
882454
882436
882207
882120
882047
881872
881597
881478
881452
881402
881341
881164
881115
880912
880759
880694
880646
880580
880495
879933
879919
879736
879665
879424
879416
879372
879270
879269
879256
879001
878881
878166
878022
877955
877939
877892
877746
877503
877455
877340
877231
877136
877040
876998
876979
876831
876828
876550
876499
876357
876164
876122
876009
875936
875860
875713
875563
875399
875351
875270
875241
875076
874938
874786
874600
874591
874519
874298
874250
874144
873723
873679
873388
873368
872966
872927
872773
872756
872613
872574
872412
872313
872169
872141
872028
871665
871639
871620
871538
871485
871391
871295
871047
870860
870465
870443
870004
869913
869912
869902
869722
869719
869640
869436
869001
868760
868705
868602
868508
868410
868209
868190
868091
868088
868000
867889
867883
867782
867699
867610
867320
867184
867121
867034
867005
866869
866570
866405
866361
866240
866186
865944
865566
865521
865406
865383
865217
865185
864631
864531
864520
864350
863884
863742
863560
863517
863477
863283
863260
863154
863124
863100
862751
862681
862668
862498
862398
862167
862079
861997
861590
861578
860987
860944
860756
860741
860565
860458
860451
860374
860242
860211
860139
860051
859900
859886
859731
859574
859122
858913
858771
858496
858411
858332
858302
858058
857918
857858
857729
857700
857490
857363
857151
856859
856703
856559
856175
855974
855543
855525
855371
855275
855030
854900
854873
854828
854096
854037
853912
853757
853697
853588
853505
853419
853210
853171
853003
852961
852916
852754
852712
852195
851882
851757
851725
851724
851665
851627
851446
851214
851133
851102
851012
850870
850723
850580
850552
850306
850097
850038
849892
849454
849118
849097
849095
849052
848964
848774
848660
848465
848406
848353
848099
848004
847909
847823
847819
847763
847630
847447
847408
847224
847157
847118
846864
846819
846588
846438
846412
846260
845924
845891
845728
845331
845133
845066
844863
844797
844732
844664
844615
844382
844267
844263
844165
844149
844110
843555
843246
843100
842409
842395
842309
842309
842303
842200
842146
842106
841880
841840
841825
841746
841637
841577
841555
841370
841289
841059
841026
840928
840836
840652
840444
840416
840206
840149
839965
839858
839833
839805
839755
839710
839690
839668
839585
839447
839336
839326
839270
839175
839142
839073
839069
838863
838375
838337
838125
837894
837412
837370
837158
836896
836849
836725
836476
836440
836417
836375
836320
836123
836107
835857
835833
835825
835759
835618
835600
835565
835046
834744
834557
834549
834545
834511
834443
834406
834386
834382
834221
834010
833933
833823
833769
833574
833548
833427
833300
833139
833104
833082
833016
832958
832854
832506
832450
832319
831878
831860
831738
831652
831414
831333
831168
831134
831098
830949
830935
830752
830720
830369
829901
829878
829614
829614
829581
829403
829381
829322
829177
828911
828900
828886
828871
828780
828754
828746
828677
828646
828589
828570
828512
828362
828357
828337
828323
828303
828189
828140
828118
827970
827904
827801
827498
827497
827339
827154
826855
826821
826675
826648
826593
826555
826510
826005
825813
825747
825659
825521
825437
825335
825316
825198
825106
825040
825038
824884
824813
824562
824023
823911
823874
823600
823595
823522
823519
823487
823399
822987
822845
822776
822699
822655
822397
822397
822193
822183
822122
821575
821218
821130
821104
821041
820527
820346
820198
820008
819800
819769
819750
819732
819696
819582
819477
819128
818824
818422
818283
817583
817233
817115
816976
816918
816807
816536
816442
816272
816224
816134
816104
816101
816067
815884
815740
815623
815523
815463
815378
815340
815229
815100
815039
815032
815030
815009
814832
814657
814651
814503
814474
814423
814391
814390
814330
814226
813949
813932
813780
813635
813355
813200
813112
813106
812942
812759
812583
812551
812536
812422
812099
812094
812038
812000
811924
811652
811567
811259
811133
811080
811010
810604
810468
810319
810300
810192
809926
809917
809869
809811
809788
809608
809479
809351
808832
808802
808668
808638
808615
808567
808451
808363
808139
807893
807581
807482
807458
807437
807254
807167
807092
806968
806913
806852
806776
806374
806263
806159
806157
806146
806024
806002
805824
805599
805540
805366
804865
804683
804538
804516
804288
804109
804062
803844
803561
803387
803377
803316
803305
803283
803193
803126
803062
803057
802719
802598
802592
802543
802483
802402
802272
802041
801854
801734
801707
801214
800967
800930
800782
800691
800604
800585
800542
800538
800255
800236
800100
800042
799806
799692
799522
799507
799305
799264
799052
799030
798992
798949
798658
798612
798599
798541
798255
798139
798061
797778
797770
797661
797645
797617
797566
797430
797395
796872
796546
796473
796410
796130
796008
795943
795922
795866
795752
795464
795371
795275
795249
795042
794913
794890
794722
794352
794247
794183
794080
794066
793981
793870
793838
793756
793541
793387
793179
792963
792953
792840
792686
792657
792633
792627
792621
792606
792577
792511
792359
792301
791628
791578
791518
791237
791046
790990
790882
790860
790854
790824
790601
790453
790451
790312
790258
790074
789927
789870
789735
789646
789185
789077
788983
788858
788730
788668
788589
788397
788323
788198
788183
788164
787960
787792
787712
787591
787459
787232
787118
787082
786710
786707
786582
786251
786031
785910
785867
785599
785556
785416
785358
785356
785345
785186
785119
784906
784678
784675
784667
784304
784294
784115
783914
783808
783754
783738
783658
783616
783547
783457
783443
783330
783201
782989
782811
782695
782691
782686
782664
782573
782314
782280
782225
782125
782030
782025
781670
781624
781487
781443
781280
781201
781177
781167
780792
780722
780573
780569
780566
780280
779757
779607
779365
779253
779078
778937
778933
778815
778780
778618
778450
778436
778105
777998
777883
777713
777669
777554
777455
777360
777232
777206
777174
777105
777079
777046
777032
776978
776803
776555
776412
776342
776123
775725
775637
775627
775560
775338
775183
774649
774620
774618
774565
774498
774457
774159
774095
774017
773761
773595
773564
773435
773427
773384
773330
773169
773018
772944
772706
772692
772663
772538
772531
772083
771830
771812
771811
771806
771784
771770
771633
771480
771414
771254
771108
771025
770908
770807
770786
770568
770401
770188
770165
770000
769928
769872
769652
769155
769103
769073
769016
768955
768773
768556
768408
768400
768370
768333
768251
768067
768064
767961
767950
767741
767733
767466
767240
766935
766884
766787
766672
766664
766651
766097
765950
765921
765656
765652
765540
765239
765138
765092
764951
764898
764881
764786
764699
764642
764532
764416
764381
764049
764027
764018
763978
763962
763931
763853
763850
763746
763680
763629
763479
763315
763272
763043
762311
762134
762122
762059
761830
761787
761665
761583
761530
761405
761319
760994
760681
760606
760292
760282
760060
759951
759889
759882
759762
759714
759487
759355
759320
759241
759054
759018
758786
758731
758728
758645
757948
757934
757857
757620
757607
757600
757454
757447
757389
757108
757088
756999
756854
756703
756635
756623
756552
756469
756427
756393
756012
755984
755580
755543
755331
755179
755130
755042
754815
754792
754366
754232
754093
753624
753592
753482
753436
753344
753108
753053
752917
752766
752755
752744
752388
752306
752098
751943
751678
751642
751485
751475
750939
750919
750913
750652
750634
750466
750375
750283
750258
750206
750029
749948
749907
749734
749325
749291
749045
748831
748635
748602
748601
748388
748290
748280
748241
748208
748009
747954
747951
747891
747712
747334
747214
747095
747009
746992
746917
746883
746797
746752
746539
746255
746200
745889
745595
745575
745556
745479
745163
745110
745004
744965
744941
744627
744617
744504
744368
744360
744272
744162
743965
743843
743836
743809
743701
743423
743046
742909
742866
742817
742769
742735
742682
742677
742529
742337
742268
742229
741919
741419
741253
741137
741078
741036
740855
740677
740638
740585
740572
740545
740481
740432
740386
740189
740105
740090
739990
739691
739673
739491
739449
739203
739008
738684
738625
738340
738267
738245
738197
738144
738142
738055
737966
737914
737747
737601
737536
737440
737423
737379
737366
737347
737253
737095
737027
736917
736517
736459
736274
736266
736203
735704
735668
735469
735363
735284
735221
735050
735013
734708
734576
734546
734514
734431
734424
734245
734130
734053
733950
733723
733602
733468
733390
733159
732861
732798
732411
732380
732296
732220
732150
732001
731806
731724
731718
731664
731402
731385
731046
731004
730801
730646
730415
730193
729947
729825
729513
729486
729326
729101
728884
728717
728631
728474
728436
728287
728224
728095
728015
727969
727859
727779
727677
727597
727541
727498
727103
727018
726975
726846
726795
726643
726609
726434
726221
726214
726082
726011
725660
725510
725391
725325
724733
724606
724090
724043
724023
723993
723885
723854
723738
723441
723335
723144
722998
722690
722596
722528
722459
722361
722291
722225
722189
721573
721521
721457
721387
721271
721039
720945
720860
720856
720584
720543
720530
720517
720348
720296
720295
720266
720256
720253
720233
720109
719762
719629
719516
719475
719110
719045
718943
718803
718761
718657
718299
718285
718223
718019
717899
717764
717540
717518
717467
717442
717363
717106
717048
717046
716924
716897
716849
716648
716613
716539
716516
716448
716413
716365
716281
716245
715939
715591
715543
715511
715286
715266
715156
714581
714533
714494
714370
714071
714068
713958
713941
713873
713624
713619
713463
713298
713090
713008
713001
712284
712228
712052
712006
711789
711561
711560
711541
711373
711361
711312
711274
711227
710997
710830
710435
709982
709981
709946
709911
709645
709622
709568
709368
709350
709314
709129
709124
708988
708902
708848
708758
708648
708417
708154
708060
708019
707991
707887
707821
707600
707550
707497
707283
707107
707056
706847
706826
706801
706617
706438
706216
706047
705996
705893
705868
705767
705737
705653
705648
705644
705220
705196
704887
704809
704741
704667
704483
704439
704420
704297
704215
704046
703900
703873
703815
703623
703399
703245
703143
702857
702501
702347
702128
702102
702010
701869
701813
701641
701405
701293
701119
701071
700723
700660
700470
700383
700349
700297
700286
700211
700125
700028
699872
699813
699685
699607
699532
699497
699496
699489
699361
699298
699212
699153
698899
698699
698572
698471
698361
698343
698053
698043
697932
697265
697173
697027
696841
696651
696339
696230
696156
696136
696049
695847
695711
695639
695622
695618
695487
695449
695398
695323
695242
695220
695163
695065
694971
694912
694681
694623
694603
694484
694475
694410
694353
694211
694103
694029
693758
693732
693570
693437
693426
693397
693328
693232
693225
693167
693087
693029
693017
692947
692940
692735
692640
692282
692144
691781
691552
691459
691456
691430
691323
691258
691166
691127
691028
690909
690790
690635
690328
690271
690248
690194
690157
690009
689970
689969
689950
689912
689827
689567
689330
689265
689020
688318
688257
688207
688018
687859
687789
687760
687754
687717
687201
686925
686892
686869
686688
686631
686572
686561
686480
686380
686369
686304
686222
686166
686030
685897
685789
685749
685736
685632
685624
685523
685417
685164
685023
685010
684496
684440
684413
684394
683995
683689
683576
683532
683530
683359
683289
683154
683149
682938
682881
682797
682261
682254
682150
681913
681861
681750
681714
681631
681605
681591
681111
680779
680602
680583
680552
680533
680485
680342
680249
680239
680022
679776
679713
679350
679078
678921
678884
678699
678682
678381
678368
678180
678137
677992
677924
677903
677885
677698
677611
677385
677117
677108
676982
676920
676552
676326
676113
676057
675970
675836
675613
675518
675476
675398
675083
675006
674999
674957
674824
674505
674416
674350
674271
674176
673931
673920
673849
673794
673636
673436
673352
673114
673007
672913
672560
672212
672200
671936
671864
671722
671678
671568
671373
671369
671262
671235
671198
671145
670426
670269
670170
670136
670098
670087
669871
669285
669272
669170
669070
668620
668522
668247
667635
667528
667406
667381
667355
666896
666443
666398
666383
666345
666345
666216
666190
666075
665943
665927
665864
665637
665474
665372
665081
665069
664976
664919
664848
664823
664663
664574
664554
664550
664514
664307
664294
664276
664130
664094
664080
663974
663915
663769
663692
663610
663585
663404
663296
663143
662963
662146
662022
661950
661936
661930
661893
661811
661811
661493
661307
661247
661175
660328
660112
660069
659987
659775
659692
659674
659120
659097
659047
659018
658689
658556
658551
658492
658288
658171
658133
657737
657615
657608
657450
657309
657057
656973
656891
656860
656804
656656
656414
656395
656319
656183
656091
655925
655857
655802
655743
655540
655525
655512
654956
654928
654902
654880
654800
654787
654677
654565
654553
654485
654311
654281
654194
654046
653969
653772
653766
653560
653334
653204
653091
652918
652762
652691
652687
652650
652604
652524
652476
651952
651802
651784
651721
651537
651494
651352
651305
651197
650927
650916
650510
650409
649939
649886
649838
649829
649815
649809
649584
649483
649437
649341
649289
649235
648973
648915
648892
648865
648798
648630
648554
648401
648357
648352
648307
648149
647941
647913
647846
647604
647445
647337
646899
646891
646783
646782
646774
646740
646735
646450
646203
646120
646018
645578
645481
645215
645147
644941
644927
644665
644651
644348
644262
644177
644157
644148
644132
644069
644016
643948
643687
643646
643551
643380
643320
643243
643129
642920
642788
642610
642514
642422
642225
642182
642155
641954
641758
641486
641287
641219
641204
641164
641096
640699
640654
640457
640231
640068
640067
640029
639984
639927
639862
639731
639588
639555
639363
639345
639200
638955
638860
638761
638747
638367
638123
637944
637759
637752
637684
637495
637488
637481
637435
637391
636949
636912
636484
636466
636255
636105
636073
635713
635564
635439
635437
635437
635188
634937
634931
634734
634627
634464
634395
634351
634336
634310
634222
634180
634160
633833
633702
633655
633636
633617
633439
633348
633133
633123
632928
632891
632543
632435
632358
632336
632248
632126
632121
632091
631927
631906
631810
631769
631767
631628
631595
631414
631408
631227
631045
630929
630758
630729
630652
630324
630149
629995
629907
629899
629735
629650
629612
629378
629307
629235
629179
629141
629112
629015
628483
628433
628421
628245
628161
628124
628079
627958
627497
627322
627197
627112
627025
626999
626994
626643
626559
626461
626389
626234
626133
626124
626092
625998
625965
625872
625707
625550
625482
625170
625127
625041
624994
624964
624930
624802
624765
624645
624631
624275
624245
624126
623922
623902
623832
623723
623687
623646
623642
623368
623143
623019
622817
622402
622250
621882
621832
621687
621685
621634
621615
621373
621204
621155
621010
620982
620946
620818
620709
620605
620483
620271
620097
619803
619660
619657
619332
619253
619213
619201
619139
619133
618518
618379
618353
618206
618000
617860
617809
617788
617781
617697
617473
617167
617107
616984
616902
616793
616776
616714
616652
616648
616640
616621
616401
616350
615830
615790
615784
615328
615238
615175
615015
615007
614901
614899
614750
614725
614621
614542
614214
614110
613965
613842
613300
613100
612903
612898
612891
612878
612687
612518
612201
612160
611855
611600
611599
611336
611232
611156
611042
610551
610349
610115
609734
609606
609125
609056
609027
608898
608840
608772
608749
608676
608541
608132
607638
607588
607499
607377
607311
607215
607211
607192
607116
607026
606896
606888
606785
606603
606433
606357
606300
606262
606090
605603
605356
605324
605319
605183
604838
604774
604532
604523
604238
604124
604069
603892
603663
603551
603275
602646
602618
602559
602514
602362
602279
602198
602112
602091
601650
601507
601210
600920
600573
600403
600217
600165
600147
600117
600093
600014
599989
599606
599319
599305
599180
598940
598783
598484
598364
598340
598298
597962
597951
597548
597443
597368
597056
596993
596862
596694
596600
596581
596411
596386
596016
595936
595870
595793
595692
595602
595544
595539
595474
595429
595295
595218
595205
595153
595045
594988
594966
594950
594760
594742
594638
594445
594239
594082
594064
593884
593859
593828
593791
593371
593182
592906
592867
592736
592729
592704
592703
592650
592572
592509
592498
592376
592360
591998
591901
591852
591548
591542
591523
591353
591095
590948
590502
590411
590322
589811
589799
589752
589726
589681
589400
589346
588721
588690
588644
588598
588571
588519
588455
588371
588309
588269
587948
587845
587518
587472
587056
586918
586910
586888
586806
586789
586372
586188
586151
586104
585387
585328
584765
584399
584333
584227
584227
584144
584109
584026
584015
583990
583670
583666
583623
583573
583472
583100
582895
582819
582779
582599
582518
582235
582014
581589
581438
581428
581379
581243
581242
581209
581022
580911
580848
580847
580709
580621
580503
580330
580329
580302
580274
580097
579984
579919
579869
579348
579254
579223
579056
579028
578913
578797
578481
578469
578436
578309
578251
578103
577973
577936
577739
577630
577590
577270
577268
577162
577158
577126
577023
576553
576416
576412
576192
576108
575792
575760
575724
575683
575564
575436
575416
575401
575139
575088
574815
574667
574409
574109
574089
574066
573988
573565
573460
573268
573108
573054
573028
572881
572706
572577
572547
572536
572500
572455
572435
572414
572316
572184
572154
571610
571109
571016
570881
570833
570811
570242
570175
569982
569970
569776
569706
569622
569620
569459
569372
569352
569314
569097
569057
568601
568442
568432
568399
568314
567698
567698
567614
567596
567481
567465
567289
567283
567258
566965
566807
566675
566617
566305
566150
565954
565859
565837
565753
565703
565638
565419
565357
565241
565145
564950
564807
564570
564537
564485
564438
564413
564387
564302
564218
564212
564060
564047
563989
563977
563971
563873
563819
563723
563631
563548
562626
562607
562598
562578
562535
562501
562317
562316
562259
562129
561600
561380
561374
561303
561273
561169
560853
560684
560635
560535
560450
560411
560355
560347
560326
560078
560052
560045
560014
559735
559637
559600
559404
559401
559288
559201
559080
558577
558507
558412
558139
557956
557918
557715
557703
557532
557515
557486
557369
557277
557060
556746
556635
556610
556588
556560
556553
556462
556349
556287
556269
555438
555376
555340
555316
555064
554732
554666
554652
554632
554280
554254
554231
554194
554068
553923
553812
553780
553686
553520
553510
553482
553413
552877
552711
551545
551431
551410
551410
551389
551364
551268
551236
551070
550374
550234
549893
549662
549642
549628
549611
549467
549339
549250
549099
549085
549077
548675
548608
548602
548350
548094
548065
547977
547794
547777
547737
547695
547019
547018
546820
546810
546804
546616
546605
546253
546227
545829
545425
545343
545137
545100
545097
545008
544477
544442
544152
544142
544074
544069
544065
543917
543831
543715
543686
543648
543641
543467
543105
542761
542237
542031
541883
541836
541824
541776
541691
541489
541430
541316
540897
540871
540814
540804
540800
540750
540709
540459
540451
540420
540383
540338
540256
540255
540182
540026
539927
539826
539761
539659
539614
539507
539413
539346
539301
539199
539158
538957
538945
538762
538540
538293
538181
537814
537591
537579
537473
537451
537443
537257
537013
536929
536644
536539
536534
536285
536208
536159
536032
535991
535953
535843
535719
535491
535446
535316
535313
535304
535264
534891
534154
534074
534032
533755
533486
533288
533097
533028
532921
532654
532606
532592
532187
532086
532050
531954
531746
531560
531541
531497
531304
531299
531098
531068
530964
530903
530356
530278
530031
529915
529821
529769
529550
529447
529375
529360
528948
528636
528495
528160
527908
527863
527764
527755
527713
527712
527669
527584
527576
527198
527117
526984
526807
526476
526291
526113
526073
525452
525420
525309
525119
525064
525024
524756
524500
524438
524323
524243
524058
524043
523780
523776
523741
523552
523523
523414
523247
523247
523241
523016
523000
522999
522907
522665
522477
522407
522199
522189
522020
521997
521938
521880
521875
521348
520840
520811
520691
520679
520586
520556
520457
520434
520321
520308
520297
520151
520059
519949
519915
519615
519598
519578
519578
519460
519416
519217
519126
519113
518856
518841
518633
518454
518245
518037
518018
517823
517574
517550
517494
517438
517234
517069
517015
516979
516937
516936
516916
516802
516664
516570
516536
516455
516404
516399
516251
516215
516207
516161
516127
516122
516072
516007
515907
515732
515707
515648
515537
515030
515001
514907
514517
514431
513869
513816
513777
513414
513402
513402
513334
513332
513250
513138
513076
513070
512990
512970
512871
512870
512861
512819
512721
512618
512580
512353
511839
511714
511512
511318
511284
511067
511028
510829
510787
510782
510748
510528
510426
510387
510322
510291
510270
510240
510193
510112
510016
509793
509686
509677
509611
509442
509417
509354
509274
509103
509034
509025
508960
508922
508618
508484
508374
508267
508241
508126
508087
508018
507978
507880
507798
507630
507604
507473
507412
506957
506824
506721
506702
506670
506627
506541
506380
506086
505975
505929
505355
505228
505183
505091
504875
504834
504710
504646
504540
504271
504259
504101
504094
504035
504000
503893
503586
503276
502593
502562
502508
502390
502177
502083
502063
501963
501897
501573
501107
501077
501019
500771
500753
500674
500620
500551
500529
500373
500344
500327
500275
499977
499741
499693
499613
499487
499475
499327
499306
499278
499137
498836
498824
498564
498543
498540
498490
498359
498302
498092
497977
497720
497647
497478
497443
497435
497302
497277
497216
496992
496985
496952
496773
496630
496606
496521
496513
496037
495968
495959
495898
495814
495637
495572
495435
495384
495354
495316
494822
494759
494713
494598
494548
494452
494188
494157
494128
494127
494095
494073
494050
493956
493663
493575
493557
493538
493469
492745
492688
492553
492480
492456
492411
492277
492139
492024
491729
491594
491585
491327
491299
491211
491160
491020
490826
490754
490751
490562
490550
490317
490271
490239
490209
490168
489935
489930
489722
489667
489055
489034
489020
488996
488908
488796
488778
488693
488639
488567
488279
488231
488091
488040
487994
487826
487663
487561
487202
487192
486946
486728
486675
486615
486548
486547
486479
486475
486427
486143
486074
485926
485701
485685
485683
485647
485465
485359
485030
484746
484633
484506
484496
484222
484064
484013
483809
483742
483739
483736
483670
483629
483618
483367
483305
483110
483060
482771
482751
482459
482451
482291
482281
482273
482082
481922
481870
481851
481688
481614
481258
480893
480888
480887
480640
480438
480191
480160
479906
479889
479836
479691
479528
479506
479446
479340
479272
479042
478869
478866
478849
478813
478617
478122
477779
477711
477649
477391
477390
477359
477316
477312
477257
477041
476904
476892
476859
476777
476591
476436
476435
475942
475824
475389
475348
475339
475263
475257
475132
474669
474634
474455
474448
474378
474222
474117
473844
473684
473639
473116
473108
473071
473069
473005
472921
472721
472711
472559
472327
472306
472177
472090
472073
472024
471827
471616
471572
471469
471378
471283
471266
471213
471106
471043
470653
470533
470164
469794
469783
469637
469616
469581
469532
469530
469411
469244
469041
468870
468807
468642
468607
468464
468376
468266
468262
468211
467660
467449
467445
467362
467191
467022
466907
466894
466813
466695
466599
466255
466055
466041
465991
465886
465876
465872
465804
465759
465743
465697
465617
465596
465439
465267
465169
465160
465160
465043
464943
464866
464739
464729
464372
464194
464104
464045
463749
463692
463251
463095
462797
462772
462541
462532
462455
462173
462172
462141
462057
462010
461882
461829
461825
461469
461313
461103
460778
460529
460529
460468
460263
460126
459829
459583
459474
459451
459435
459424
459388
459323
459252
459227
459186
459089
458885
458871
458761
458477
458461
458132
457885
457698
457545
457302
457254
457242
457229
457098
456865
456856
456798
456786
456772
456533
456215
456131
456031
455961
455928
455884
455826
455766
455327
455176
455154
455102
454841
454797
454640
454575
454410
454323
454262
454256
454110
453937
453847
453795
453427
453340
453185
452969
452679
452668
452626
452587
452496
452015
452010
451983
451963
451953
451784
451441
451296
451259
451071
451063
451033
450956
450935
450494
450244
450172
449952
449774
449744
449646
449420
449373
449351
449299
449283
449107
449092
449092
448946
448924
448913
448783
448517
448516
448424
448371
448299
448210
448174
447994
447951
447895
447867
447792
447710
447663
447221
446900
446899
446875
446844
446745
446722
446663
446556
446541
446422
446195
446116
445955
445941
445719
445681
445603
445494
445197
444986
444961
444850
444751
444683
444311
444131
444065
444015
443802
443795
443584
443558
443295
443153
443139
443000
442683
442657
442612
442485
442465
442386
442192
441542
441447
441308
441244
441125
440753
440648
440359
440123
440002
439950
439811
439523
439165
439090
439066
438906
438876
438772
438664
438601
438333
438292
438119
438006
437997
437995
437989
437743
437680
437659
437565
437548
437400
437379
437263
437206
437205
437134
437119
436920
436901
436840
436693
436518
436430
436241
436175
436028
435907
435880
435648
435296
435294
435166
435145
435125
435112
435046
434880
434550
434167
433859
433566
433423
433337
433143
432984
432611
432110
431933
431761
431711
431608
431548
431071
430940
430856
430757
430584
430391
430221
429983
429759
429676
429655
429614
429519
429495
429478
429353
429323
429254
429072
429071
428685
428542
428411
428226
428149
428064
428038
427995
427972
427965
427790
427738
427658
427642
427616
427239
426920
426730
426675
426662
426501
426471
426352
426291
426214
426045
426042
425953
425924
425754
425743
425611
425609
425490
425388
425346
425307
425285
425284
425223
425110
425053
424998
424723
424649
424552
424545
424064
423792
423610
423598
423436
423345
423286
423204
423031
422918
422800
422593
422223
422070
421933
421925
421548
421543
421413
421202
421036
420721
420625
420464
420094
419932
419717
419717
419561
419482
419463
419349
419293
419158
419008
418924
418696
418604
418510
418401
418396
418184
417869
417749
417182
417124
417062
416999
416922
416922
416913
416840
416789
416498
416453
416433
416411
416083
415797
415745
415662
415518
415226
415220
415199
415179
414989
414917
414914
414902
414508
414341
414298
414171
414062
413997
413873
413751
413613
413573
413530
413520
413280
413082
413076
413025
412949
412807
412729
412504
412351
412257
412237
412231
412208
411955
411891
411751
411676
411629
411491
411425
411335
411214
411123
411003
410944
410890
410850
410228
410149
410102
409915
409707
409642
409562
409495
409465
409373
409280
409189
409131
408937
408911
408847
408639
408480
408374
408361
408318
408221
408150
408142
408038
407763
407728
407683
407594
407349
407289
406995
406737
406316
406270
406268
406248
406234
406144
406102
406033
405906
405615
405603
405584
405522
405475
405470
405095
404791
404783
404608
404570
404529
404372
404053
403691
403678
403161
403131
403106
402939
402753
402712
402685
402104
401765
401595
401571
401561
401458
401411
401340
401220
401086
400949
400703
400419
400232
400179
400098
399844
399184
399119
399059
398988
398976
398953
398847
398793
398770
398732
398574
398571
398472
398251
398127
397972
397887
397867
397675
397625
397578
397535
397351
397242
397169
396949
396907
396900
396765
396752
396491
396460
396381
396353
396283
396021
395898
395686
395607
395573
395546
395545
395406
395097
395030
394880
394735
394721
394708
394648
394392
394317
394265
394112
394076
393843
393762
393442
393410
393185
393136
393105
393054
393001
392954
392892
392769
392750
392738
392730
392713
392422
391991
391975
391902
391797
391586
391413
391286
391256
391216
391207
391198
391094
391051
391008
390941
390915
390862
390635
390416
390290
390173
390159
390066
389865
389855
389801
389761
389683
389622
389557
389432
389425
389355
388970
388823
388807
388797
388726
388699
388653
388590
388301
388290
388220
388186
387904
387623
387606
387571
387498
387423
386962
386902
386809
386739
386490
386487
386463
386345
386303
386299
386224
385818
385722
385693
385642
385408
385392
385210
385059
384963
384901
384582
384081
384036
383882
383504
383350
382994
382954
382784
382160
381887
381872
381853
381823
381806
381694
381684
381683
381550
381477
381209
381202
381187
381174
381144
380905
380681
380469
380156
380106
380066
379992
379928
379474
379357
379247
379029
378953
378847
378443
378270
378202
378162
378133
377998
377929
377515
377503
377473
377425
377425
377288
377243
377062
376994
376820
376766
376586
376567
376514
376506
376435
376317
376290
376136
376017
375975
375934
375363
375289
374889
374636
374566
374415
374257
374237
374139
373957
373884
373814
373811
373746
373734
373278
373267
373251
373213
373168
373016
373012
372861
372707
372692
372555
372542
372535
372487
372233
372233
372100
371906
371882
371735
371699
371679
371542
371475
371452
371304
371024
370701
370366
370277
370020
369976
369927
369917
369820
369732
369675
369634
369631
369599
369596
369456
369323
369303
369295
369249
369157
369098
369052
368889
368510
368480
368317
368204
368160
368075
368071
368009
367764
367638
367632
367556
367045
366377
366244
366112
365950
365866
365349
365103
365041
364990
364859
364700
364475
363839
363765
363746
363651
363524
363512
363462
363432
363367
363329
363292
363262
363114
362667
362637
362554
362416
362248
362105
362037
362013
361932
361850
361785
361668
361661
361368
360891
360411
360228
360198
359739
359573
359480
359368
359305
359133
359106
359092
358917
358867
358783
358766
358483
358163
357750
357439
357433
357397
356886
356884
356757
356581
356526
356441
356394
356350
356332
356217
356117
356062
356035
356011
355794
355751
355613
355547
355480
354951
354920
354877
354834
354799
354735
354586
354252
354180
354138
354031
354018
353763
353760
353665
353630
353529
353270
353109
352951
352684
352431
352430
352358
352217
351877
351827
351459
351418
351290
351240
351145
351001
350720
350471
350295
350263
350105
349907
349907
349872
349579
349523
349130
349080
348901
348884
348787
348786
348728
348552
348360
348277
348024
347788
347729
347721
347377
347249
346808
346506
346477
346337
346286
346216
346125
345892
345747
345746
345319
345015
344698
344139
344126
343560
343391
343249
343206
343016
342988
342923
342882
342835
342794
342681
342354
342313
342229
342104
341478
341363
341265
341194
341102
340883
340807
340792
340773
340637
340582
340523
340386
340238
340057
340024
339809
339781
339477
339446
339356
339354
339311
339145
339062
338964
338687
338564
338496
338473
338388
338214
338148
338026
337803
337701
337639
337638
336816
336792
336519
336394
336299
335894
335781
335509
335437
335359
334914
334807
334739
334722
334634
334487
334434
334335
334194
334166
334033
333961
333941
333840
333755
333732
333489
333477
333298
333079
332994
332841
332669
332631
332495
332354
332306
332224
331640
331563
331507
331462
331317
331315
331239
331125
331012
330972
330870
330750
330682
330656
330614
330370
330332
330296
330223
330142
330060
330054
330023
329788
329693
329687
329652
329474
329393
329189
328819
328596
328309
327869
327813
327464
327359
327295
326951
326800
326596
326542
326464
326286
326240
326211
326177
326048
325726
325591
325526
325277
325166
325135
324839
324788
324731
324656
324241
324141
324111
324098
324078
323903
323903
323876
323568
323477
323345
323272
323196
322934
322921
322903
322772
322687
322455
322441
322404
322210
322193
321680
321647
321354
321316
321298
321045
321027
320752
320640
320505
320491
320469
320438
320286
320201
320197
320109
319895
319571
319232
319227
319036
319031
319030
319005
318707
318450
318385
318315
318200
318003
317875
317702
317654
317550
317471
317101
316740
316574
316395
316375
316250
315914
315755
315749
315624
315251
315245
315103
314881
314758
314704
314667
314665
314609
314598
314508
314488
314484
314474
314306
314143
314044
313639
313487
312992
312920
312867
312594
312590
312535
312496
312218
312120
312004
311897
311890
311674
311649
311584
311092
310995
310412
310312
310165
309996
309919
309769
309586
309329
309172
309090
308933
308742
308727
308637
308632
308519
308398
308330
308296
308270
308062
308031
307834
307704
307643
307320
307292
307114
307096
307079
306964
306702
306581
306226
306205
306190
306153
306072
305984
305903
305540
304996
304877
304814
304792
304610
304591
304427
304334
304096
303834
303829
303798
303779
303651
303570
303195
303075
302800
302655
302625
302589
302270
302230
301953
301940
301936
301860
301832
301698
301674
301634
301362
301301
301270
301095
300815
300800
300486
300236
300127
299828
299208
299168
298601
298349
297796
297687
297543
297504
297464
297188
296993
296794
296687
296533
296500
296237
296234
296107
295767
295578
295417
295222
295159
295119
294765
294673
294549
294466
294258
294202
294136
294135
294122
294079
293990
293984
293838
293759
293606
293588
293400
293240
292957
292952
292509
292315
292194
292087
291789
291586
291230
290965
290951
290814
290706
290683
290487
290462
290379
290320
290296
290040
289991
289705
289400
289395
289341
289256
289172
289129
289010
288418
288280
288192
287798
287621
287532
287475
287363
287211
287204
287127
286826
286589
286431
286404
286380
286287
286286
286073
285969
285914
285641
285537
285482
285406
285347
285239
285227
285127
285101
285005
284843
284839
284544
284453
284369
284169
283963
283908
283612
283556
283436
283259
283226
283204
282922
282856
282846
282802
282757
282706
282674
282556
282400
282172
282027
282005
281913
281375
281345
281319
281293
281292
281271
281268
280672
280441
280422
280149
279902
279818
279812
279804
279778
279767
279664
279482
279293
279066
279031
279023
278985
278448
278150
278099
278050
277948
277773
277714
277373
277255
277210
276895
276859
276587
276475
276372
276282
276134
276088
275798
275661
275536
275360
275182
275038
275028
274413
274283
274270
274180
274063
273959
273792
273698
273628
273196
272922
272820
272764
272748
272599
272567
272503
272353
272258
272223
272071
272058
271853
271829
271484
271389
271376
271160
271040
270987
270981
270859
270642
270364
270216
270132
269688
269556
269554
269550
269514
269422
268880
268879
268376
268288
268062
268051
267948
267839
267746
267734
267713
267265
267101
266926
266769
266641
266622
266391
266145
266054
265557
265516
265191
265062
265020
264867
264793
264784
264772
264705
264703
264462
264394
264338
264295
264211
264103
264086
264076
264041
263677
263644
263565
263411
263319
263207
263138
262872
262642
262558
262426
262122
261941
261758
261516
261412
261352
261104
261001
260927
260845
260646
260496
260350
260263
260248
260146
259979
259924
259913
259867
259840
259806
259772
259319
259217
259137
259009
258951
258612
258581
258307
258302
258118
258054
257584
257223
257203
257130
257068
256833
256658
256650
256069
256032
255495
255359
255197
255197
254987
254873
254828
254828
254769
254582
254328
254307
254305
254069
254031
253978
253797
253696
253602
253521
253510
253506
253346
253224
252975
252908
252844
252565
252335
252198
252103
252071
252039
251998
251785
251685
251665
251506
251237
250956
250820
250689
250180
250130
249857
249756
249676
249607
249324
249259
249077
249022
249016
248861
248776
248741
248457
248346
248295
248222
248179
248158
247935
247869
247509
247438
247408
247296
247254
247249
247244
247242
246869
246822
246747
246508
246378
246240
246225
245982
245938
245908
245879
245874
245766
245632
245607
245562
245386
245294
245255
245045
245001
244983
244953
244942
244915
244819
244715
244673
244637
244547
244434
244200
244166
244131
244074
243816
243323
243294
243281
243201
243112
243049
242902
242747
242712
242682
242528
242516
242447
242444
241974
241657
241555
241126
240950
240850
240816
240795
240729
240711
240684
240628
240352
240279
240170
240077
240040
239836
239710
239368
238861
238846
238790
238741
238480
238331
238159
237660
237590
237329
237299
237169
237116
237018
236969
236835
236771
236609
236565
236414
236286
236268
236166
236106
236015
235783
235695
235593
235507
235322
235272
235054
234532
234507
234299
234128
233983
233893
233731
233548
233349
233344
233258
233203
232827
232802
232735
232709
232654
232628
232524
232499
232487
232454
232043
232004
231931
231769
231403
231331
231195
231095
230918
230550
230409
229935
229913
229737
229343
229323
229307
229121
228997
228846
228747
228707
228692
228462
228215
228157
228079
228064
227745
227696
227680
227558
227506
227152
227093
226737
226717
226675
226588
226531
226455
226451
226227
226134
226128
225957
225940
225898
225758
225755
225546
225527
225490
225415
225344
225183
225065
224606
224560
224532
224358
224287
224169
224090
224053
224024
223891
223886
223879
223666
223467
223458
223439
223337
223083
222995
222910
222855
222822
222760
222572
222529
222208
222173
222081
222045
221678
221628
221568
221459
221261
221221
221212
221128
220789
220721
220563
220509
220470
220384
220209
220162
220120
219785
219690
219682
219535
219439
219422
219196
219180
219067
219029
218974
218959
218906
218878
218821
218773
218534
218380
218259
218108
218098
218044
217933
217790
217763
217692
217613
217560
217386
217374
217176
217164
216847
216838
216780
216525
216416
216409
216399
216386
216343
216191
216018
215956
215609
215443
215310
215298
215288
215284
215217
215127
215081
214855
214827
214657
214403
214070
214066
213905
213868
213780
213758
213618
213527
213070
212991
212944
212834
212804
212679
212674
212373
212074
211960
211770
211301
211020
211003
210726
210721
210447
210287
210272
210166
210107
210012
209833
209670
209379
209344
208987
208929
208782
208693
208675
208619
208568
208452
208379
208256
208233
208181
207958
207840
207735
207334
207319
207231
207175
207122
207039
206987
206936
206656
206600
206587
206527
206387
206233
206133
205930
205914
205908
205800
205561
205046
205013
204943
204643
204597
204512
204390
204379
204163
204099
204043
203822
203792
203356
203255
203254
203237
203071
203042
202975
202941
202782
202590
202520
202518
202511
202443
202405
202369
202296
202268
202136
202108
202089
202035
201998
201535
201096
200919
200712
200619
200557
200205
199900
199671
199447
199447
199266
199181
199163
199146
198847
198813
198748
198644
198345
198285
198184
198157
198128
198066
198020
198012
197990
197880
197857
197825
197656
197598
197512
197331
197231
197213
197095
196987
196786
196698
196624
196521
196030
196018
195993
195964
195891
195659
195485
195397
195314
194929
194762
194635
194516
194468
194268
194251
194231
194121
194101
193923
193873
193585
193426
193394
193312
193250
193187
193152
193142
193090
193072
192975
192962
192863
192862
192773
192646
192516
192138
192123
191969
191866
191806
191685
191651
191630
191501
191476
191321
191269
191181
191079
191044
190991
190834
190751
190741
190619
190494
190363
190313
190143
190083
190002
189993
189879
189786
189778
189724
189661
189649
189521
189067
189063
188926
188668
188625
188601
188552
188422
188066
188035
187815
187787
187457
187380
187321
187198
186981
186768
186716
186696
186677
186581
186295
186182
186181
186179
186048
186040
185985
185818
185731
185485
185331
184820
184635
184449
184383
184332
184201
184115
184017
183848
183730
183232
183181
183179
183174
182879
182737
182731
182666
182656
182549
182362
182346
181768
181628
181563
181556
181540
181528
181374
181346
181220
181215
181052
180788
180694
180689
180544
180211
180202
179923
179809
179771
179768
179768
179744
179683
179679
179539
179248
179242
179231
179173
179121
179098
179084
178896
178833
178813
178707
178674
178617
178594
178474
178467
178257
178137
177715
177696
177685
177562
177419
177286
177248
177179
176905
176762
176560
176432
176234
175921
175914
175836
175747
175670
175620
175502
175497
175440
175401
175332
175287
175147
175090
174986
174945
174932
174840
174701
174676
174588
174581
174563
174263
174246
174219
174204
174018
173853
173852
173717
173689
173518
173344
172953
172896
172778
172768
172687
172580
172495
172488
172386
172354
172249
172143
171942
171786
171639
171377
171223
171164
171016
170950
170609
170576
170468
170181
169704
169504
169457
169073
168740
168676
168599
168477
168394
168308
168065
167936
167662
167584
167022
167020
166919
166914
166861
166563
166506
166452
166438
166405
166387
166357
166225
166220
166005
165887
165808
165729
165722
165587
165467
165461
165439
165438
165425
165178
165113
164918
164913
164704
164673
164538
164530
164162
164099
164094
164070
163573
163395
163217
163113
162914
162793
162681
162604
162586
162537
162411
162281
162252
162185
161690
161671
161426
161414
161409
161200
161096
161093
161001
160938
160917
160740
160720
160706
160619
160536
160493
160474
160472
160206
160054
160029
159654
159456
159453
159427
159187
159178
159178
159171
158721
158702
158200
157898
157695
157642
157641
157415
157400
157324
157271
157258
157185
157010
156835
156703
156676
156347
156326
156077
155985
155829
155789
155665
155362
155182
155150
154816
154716
154657
154599
154399
154389
154190
154065
154005
153952
153845
153804
153579
152997
152893
152852
152650
152357
152323
152273
152123
152096
151888
151867
151714
151621
151465
151433
151143
150992
150765
150402
150264
149905
149762
149349
149217
149102
148802
148446
148193
148089
147994
147685
147644
147462
147413
147324
147047
147015
146956
146934
146929
146796
146780
146779
146691
146670
146612
146446
146369
146265
146239
146112
145681
145659
145628
145576
145547
145161
145140
145137
145070
144911
144578
144493
144379
144232
144100
143753
143724
143609
143540
143358
143274
143271
143222
143165
143024
142940
142905
142896
142815
142805
142671
142596
142552
142392
142117
142084
142077
142071
141923
141856
141767
141730
141571
141305
141257
141198
140961
140957
140915
140786
140774
140715
140620
140429
140395
140356
140337
140173
140074
139954
139876
139865
139768
139633
139626
139468
139328
139315
139296
139196
139103
138958
138757
138543
138479
138318
138245
138151
138149
138108
138025
137967
137927
137332
137246
137181
137181
136807
136606
136453
136442
136420
136391
136218
136175
136142
136031
136022
135946
135849
135627
135557
135518
135489
135438
135399
135398
135374
134956
134953
134883
134841
134710
134692
134682
134582
134558
134513
134443
134439
134338
134319
134312
134310
134250
134016
133948
133650
133638
133604
133520
133501
133367
133323
133294
133273
133179
132773
132669
132546
132343
132122
132032
131950
131933
131922
131885
131725
131685
131514
131432
131150
131048
131038
130866
130839
130303
130264
130065
130036
129949
129616
129542
128711
128422
128257
128256
128247
128162
128098
128024
127819
127727
127677
127617
127602
127566
127506
127237
127078
127050
126847
126754
126502
126471
126345
126284
126012
125959
125718
125629
125605
125597
125453
125293
124880
124400
124218
124193
123931
123852
123726
123650
123598
123473
123400
123222
122938
122805
122623
122565
122431
122070
121981
121917
121862
121704
121651
121578
121337
121237
121053
121049
120964
120598
120575
120290
120200
120021
119827
119754
119495
119459
119198
119071
118978
118759
118344
118292
118240
118138
118066
118023
117992
117791
117717
117493
117309
117216
117118
116948
116914
116743
116729
116720
116626
116490
116469
116417
116265
116257
116127
116066
115798
115705
115561
115475
115456
115097
114989
114858
114635
114169
113900
113846
113746
113652
113547
113459
113442
112913
112738
112559
112479
112404
112380
112323
112214
112030
112005
111979
111904
111760
111700
111679
111625
111623
111479
111466
111414
111380
111376
111290
111290
111225
111025
110826
110814
110791
110722
110628
110585
110293
110272
109679
109652
108934
108380
108376
108165
108162
107950
107795
107604
107580
107437
107252
107135
107054
106896
106795
106776
106427
106375
106273
106270
106246
106092
105979
105913
105889
105872
105763
105644
105596
105171
105132
104985
104810
104326
104207
104116
104090
103957
103942
103938
103919
103376
103337
103305
103263
103200
103132
102660
102597
102559
102474
102324
102215
102198
101969
101738
101630
101354
101060
100830
100820
100587
100523
100497
100303
100188
100094
100077
99924
99878
99845
99759
99669
99446
99371
99364
99034
99016
98663
98628
98627
98615
98612
98529
98309
98286
98007
97976
97891
97881
97753
97516
97474
97390
97324
97184
97095
96733
96580
96534
96294
96274
95972
95625
95519
95477
95311
95309
95296
95168
94422
93954
93827
93359
93327
93041
93010
92983
92945
92939
92921
92900
92804
92797
92791
92625
92553
92494
92384
92085
92007
91971
91969
91785
91622
91609
91071
91015
91013
91000
90964
90747
90674
90658
90599
90574
90338
90308
90228
90159
90134
90081
89968
89821
89816
89522
89477
89327
89317
89244
88822
88713
88589
88582
88555
88519
88500
88459
88367
88058
88054
87979
87918
87895
87805
87765
87740
87714
87611
87348
87231
87208
87129
87084
87034
86882
86751
86561
86051
86028
85999
85913
85902
85811
85628
85534
85512
85384
85053
84602
84280
84279
84176
84099
84069
83944
83898
83783
83734
83277
83090
83082
82939
82787
82660
82509
82443
82427
82112
81710
81710
81248
81054
80782
80778
80742
80737
80681
80381
80360
80130
79970
79901
79898
79810
79810
79780
79740
79632
79599
79564
79551
79398
79395
79258
79130
79063
79034
78826
78756
78457
78430
77713
77674
77672
77631
77620
77605
77438
77351
77221
77147
77049
76933
76884
76858
76719
76687
76553
76472
76395
75865
75495
75470
75375
75329
75299
75261
75178
75175
75130
75109
75099
74951
74944
74856
74788
74500
74246
74226
74174
74039
73941
73801
73746
73665
73450
73176
73036
72914
72752
72735
72669
72635
72397
72390
72370
72034
72003
71891
71859
71757
71663
71094
70884
70619
70550
70537
70521
70421
70375
70192
70192
70177
70059
69967
69947
69879
69804
69628
69531
69282
69181
69149
69003
68969
68844
68765
68669
68568
68513
68416
68393
68326
68304
68198
68184
68084
68022
67939
67574
67271
67266
67036
66981
66878
66844
66812
66794
66687
66673
66532
66036
65588
65270
65247
65005
64978
64946
64865
64849
64848
64593
64232
64161
63950
63882
63339
62608
62593
62482
62365
62224
62208
62100
61749
61640
61623
61562
61532
61176
61013
60646
60606
60403
60395
60152
60147
60039
60021
59812
59454
59384
59288
59214
58765
58720
58615
58548
58514
58504
58497
58484
58046
57849
57771
57567
57529
57445
57348
57336
57089
57086
56978
56927
56924
56892
56705
56585
56553
56502
56258
56165
55985
55960
55934
55737
55626
55145
55113
55084
55070
55005
54823
54817
54641
54570
54334
54319
53854
53780
53764
53499
53253
53250
53062
53056
52945
52897
52834
52778
52665
52193
52137
52096
52004
51774
51441
51428
51306
50916
50844
50746
50638
50573
50555
50330
50307
50300
50079
49917
49761
49615
49614
49342
49174
49063
48872
48835
48813
48670
48561
48536
48460
48397
48308
48100
47942
47699
47694
47382
47286
47108
46814
46697
46642
46413
46410
46406
46286
46178
46168
46049
45734
45446
45433
45393
45383
45168
44999
44472
44407
44191
44108
43972
43971
43822
43786
43629
43585
43582
43563
43161
43025
42756
42631
42518
42332
42175
42088
42064
41895
41745
41628
41498
41461
41377
41051
41007
40994
40972
40767
40686
40574
40457
40377
40310
40216
40185
40126
40094
40069
40023
40009
39790
39759
39710
39682
39541
39524
39414
39260
39230
38456
38336
38269
38242
38204
38059
37665
37545
37200
37006
36922
36857
36787
36559
36534
36398
36266
36125
36054
35992
35990
35820
35720
35618
35578
35369
35240
35217
35202
34972
34965
34781
34625
34303
34288
33899
33810
33795
33789
33592
33565
33559
33470
33387
33248
33033
32863
32848
32684
32587
32215
32183
31777
31707
31213
31091
31047
30964
30902
30873
30066
29906
29838
29829
29807
29685
29635
29517
29379
29368
29299
29159
29051
28762
28728
28685
28676
28669
28236
28102
28046
28020
27693
27584
27573
27483
27349
27196
27114
26936
26852
26021
25913
25698
25656
25609
25484
25183
25079
25011
24933
24931
24589
24508
24493
24425
24378
24371
24191
24189
24161
24112
23923
23873
23383
23379
23345
23333
23281
23177
23016
22970
22787
22649
22582
22539
22502
22376
22317
21836
21835
21397
21263
20979
20884
20711
20534
20466
20456
20452
19996
19725
19591
19413
18957
18917
18791
18654
18559
18542
18446
18423
18362
18160
17609
17315
17077
17013
16863
16807
16759
16749
16693
16675
16562
16370
16224
16185
16181
15997
15835
15723
15592
15582
15491
15478
15390
15187
15143
15109
15099
14775
14743
14706
14628
14557
14119
14066
13863
13743
13733
13630
13534
13498
13444
13399
13366
12618
12588
12529
12318
12041
11875
11810
11689
11456
11383
11195
10822
10682
10385
10249
10248
10247
10044
10036
9919
9891
9825
9392
9370
9341
9264
9137
9010
8931
8644
8552
8133
7836
7809
7667
7596
7585
7475
7343
6880
6863
6363
6304
6168
6129
6030
5822
5718
5671
5588
5542
5534
5485
5428
5397
5203
4963
4709
4560
4446
4415
4354
4348
3979
3940
3880
3794
3673
3632
3412
3367
3286
3164
2442
2406
2156
2002
2000
1809
1711
1442
1331
1316
1258
1238
1234
1205
1196
1004
937
930
809
795
515