698899
140620
60395
574815
277373
35720
541316
359133
942950
269556
445197
739990
612878
466695
102660
502508
546227
21263
309586
502063
254069
832958
289991
62593
654194
301698
763043
323272
512721
484746
486728
708758
98627
257130
90228
335781
619253
978633
261412
548602
638367
513402
964316
945898
146265
799522
77620
352431
693758
411003
465596
523247
705996
249756
52665
987452
783738
377929
967044
388653
89522
464739
23383
499741
682797
245045
419158
698053
228997
636073
32587
333732
442612
35369
264338
181563
115475
132032
804288
40023
588644
393105
885456
742268
80130
631767
974041
770401
162681
692735
14628
444311
686925
83277
307096
712052
313487
734708
821218
757620
24425
247935
519416
182879
553780
518037
208256
825106
664294
165722
103337
449092
390862
342923
869719
790990
157185
825198
192516
134956
961900
62482
412231
616776
495572
256650
533028
570881
140395
338148
146112
797645
672913
527908
714581
888763
917256
614214
625482
882992
44191
54823
682261
776342
399059
960454
232735
215443
57089
456798
240729
494157
494713
680552
584399
146446
329393
872613
896248
745595
946803
6863
414508
567465
28676
580097
961586
509611
400419
637481
427790
956300
785416
998757
449774
447867
256069
199447
367556
190363
15187
363432
535316
342882
257223
924917
595692
248346
134582
990932
785358
709982
108934
531746
24191
488279
148089
342104
965357
643243
617788
588690
567289
952265
808567
840444
453795
230918
203356
718943
465886
726643
974869
172488
376994
865521
190313
763931
573988
872169
18917
60147
409280
3673
4348
15592
141198
496037
368204
873723
499278
782314
625041
35820
118759
858913
624645
226675
862167
314665
649809
638761
445603
541489
936055
235322
917946
33795
643687
860374
72914
549467
363839
247244
16693
592704
727018
749948
250180
146929
439090
856859
659018
79551
156077
156676
222173
874298
793387
523523
26852
892432
851627
223886
160206
922675
525064
252844
1196
881597
898039
896826
982905
369976
898965
244983
851757
68084
882703
997878
970247
646735
261758
100587
389683
951361
293759
925113
212991
143165
72034
220721
476859
522907
403691
475132
358917
582819
54817
262122
506957
847823
761583
860756
670136
615790
698699
648357
253696
854037
216343
551070
624994
658492
496773
379029
3794
308637
229323
323903
520059
384901
680022
765540
597368
986734
573565
303798
243049
913700
595295
376136
691552
509103
36559
907600
212804
654565
726795
888702
669070
967223
658551
632928
953027
106246
265020
66036
60039
491327
44407
640699
320109
257203
229307
43563
730646
936589
326048
534154
807254
312867
130866
792686
218878
669272
477257
716448
428542
608772
105644
143358
633702
747951
922267
490209
683689
354180
189063
991336
370701
246378
87348
469411
463095
984405
723885
691258
136606
256032
369599
782691
35240
192862
389622
488091
549611
860987
304334
767466
837412
142596
290296
248741
339062
769073
282802
57348
998435
32215
369303
320197
834545
284169
65270
354799
357750
135438
644069
225527
516072
768064
66981
506824
290706
406268
301832
185485
653334
556287
414914
426291
370366
870860
373012
23281
646203
168308
662146
468607
381477
918070
398988
798949
675083
947588
632126
71094
620946
656973
159171
816101
855543
875860
556610
757857
666398
499693
771830
570242
490751
959804
790824
49917
362637
19591
456865
378162
153804
209379
738197
610115
240352
675970
691456
930708
589752
859900
481614
928096
494598
207175
384582
174204
518245
28728
218959
413751
922669
140074
74039
718657
625550
457254
747954
356011
760292
968581
750913
396021
86051
498359
179768
407289
330682
681605
864531
158200
2406
916460
849095
812583
222995
455928
381174
736203
617167
955245
111479
977470
952594
652476
757088
389432
664554
142392
617809
411214
602646
410890
43786
331640
899374
588598
65247
178707
246822
320286
923873
925100
247254
484222
584109
425611
385693
400949
54334
3940
436028
631906
917145
564438
720233
761787
176234
228157
287127
179923
465872
903587
68326
726011
665069
683149
964485
685010
799692
926599
597951
699298
70192
527712
684394
905652
174945
472721
890804
624930
539927
319036
414902
279812
349080
488778
984917
823522
190002
359092
202296
758786
220384
964711
251665
215081
718285
374237
152273
87895
186048
983083
421413
666896
731806
473069
770568
221568
238331
369732
927631
79398
22539
778933
955917
293400
387498
958045
56927
618000
622402
869913
719762
168394
594966
836417
81248
41745
264041
583472
565837
513402
909143
619332
482751
496952
848660
886559
80381
465804
765239
165887
278150
407683
635439
72752
166438
520434
819582
204390
480160
681591
97976
854096
520321
863884
101969
510748
267265
879001
976967
71891
560045
430584
190619
221459
247296
574109
237329
728287
967676
589681
202443
100830
242747
957281
260263
828646
134312
871047
931409
481870
703143
78826
57849
983666
520297
738340
623832
304814
795866
263319
916816
533755
306153
644262
119459
40686
81710
56892
827970
761319
248861
284453
451784
184017
323903
215609
763272
325726
396900
673794
931798
829614
485683
265557
480640
174932
196987
547018
513138
863100
944365
599305
240279
667381
29685
493663
912917
386463
800691
981120
642920
684413
626999
993033
289705
513070
771633
134319
18423
437997
520840
575416
87765
549662
270642
70177
599989
764018
885456
398574
895202
335359
288192
511028
430221
668522
779365
16759
545137
500344
942599
53056
286431
92791
274413
958195
400703
373016
87034
846864
711312
942051
135946
62224
994576
39260
332224
841289
56165
621155
254305
608676
204379
740481
850306
330054
895339
540871
135398
974745
737347
45446
648915
954703
349907
349872
66794
737601
125453
737027
512990
811010
882047
927222
247408
187457
123598
740090
202518
372100
83734
833082
167662
402685
25698
175440
389865
369917
101738
644148
281268
670426
394112
728436
58548
428226
297796
949914
386487
202035
707056
804865
285127
531304
42518
330223
319031
943224
823519
461882
32684
152096
127566
143540
983414
30873
129616
17013
5718
530903
363524
162914
358783
828140
530278
606888
813112
674416
241974
685023
225758
595936
806157
561273
97324
540338
56258
448371
314881
9137
454575
314598
188668
594760
574066
773435
584026
95311
294258
695639
447710
270859
67266
462010
604238
255359
52834
706801
313639
295417
496513
420094
385722
570811
475942
222081
28685
967214
181528
908292
59384
454262
92945
279767
449299
9264
229121
438906
341194
109652
519915
548675
881164
827904
560684
513414
422070
435907
429519
720584
506721
346506
317550
39541
989669
495384
911530
132343
511318
711561
925179
569706
302589
592572
661936
571109
409915
185731
128024
886459
320438
954415
642788
160472
79395
430757
493557
193923
690328
168477
617697
642155
12588
303834
556560
315624
973886
66532
692940
629899
937
658133
892778
27349
97753
192138
142905
91013
609125
396491
840416
875241
411335
111979
738245
871639
974975
204043
661307
861997
360228
780722
203255
689969
815623
354951
676326
669871
393843
219180
921873
162185
624126
480888
28669
621685
901456
317654
138108
927573
362037
819696
522189
295119
419932
547019
112738
111414
535446
113746
304792
354735
790312
167020
720860
967741
339145
629015
510426
356117
901928
706047
44472
636912
396381
490826
792963
958226
852712
490754
676982
631227
466041
908845
112479
479340
121917
41498
477391
145576
781443
833574
971733
483110
193187
771108
291230
978415
619213
25913
233349
134443
698572
283226
565638
125293
10036
261516
252103
911093
525309
836375
537473
581438
282757
259806
803387
517823
687754
755984
58504
641954
678180
839270
818283
651352
200712
290320
145659
189778
345319
639984
798061
396949
782686
546253
594988
572184
744941
218044
295578
806024
592867
55084
718803
133638
575683
800967
898167
528636
923342
965794
331125
14743
559735
569352
52193
190494
950454
943668
245766
828118
360411
185818
920383
89327
285914
350720
652918
319895
29051
334434
951128
908213
917573
800930
9370
333477
413613
43025
486074
664848
468262
461313
954995
664976
427239
855525
594082
997122
900236
224358
268288
713001
535991
871295
104116
479042
472024
73941
782225
75261
841637
640068
803193
530356
575724
102559
553923
166861
417124
411891
777713
479506
13444
48670
373811
416840
245607
312535
941775
378202
909709
567258
279778
402712
788730
405615
16181
903233
899797
661811
555376
79564
522665
749045
836440
656656
841746
820527
527669
403678
834744
642610
768333
544065
996850
776555
498540
629378
1442
743843
99364
907346
40009
901892
5588
498824
319005
232454
425743
90159
380106
839142
327359
980800
108380
783547
398732
660112
208379
719045
664574
554632
644016
879372
485926
485030
254828
597548
207840
381684
122805
970029
803316
394708
695242
458477
218380
194101
312496
4415
639345
579919
96534
866361
765652
655925
369634
107950
969396
971579
656891
631595
924045
886550
915123
643948
505183
487826
118023
978460
196624
231095
830935
566150
440123
655540
98628
413076
936988
628124
232628
20452
319232
653204
421036
977858
764532
865944
353763
228462
882436
76933
193312
729101
609606
411955
401765
975062
855275
677117
693017
649838
842395
900443
905344
105913
475339
33559
547695
346125
247869
899139
835857
924906
143753
959546
744162
224606
901175
307114
777669
175332
217374
825521
301953
800236
472921
464943
632435
149102
517069
667635
191181
98286
139315
275360
944995
823595
787232
931395
466907
729825
943131
105979
203822
100523
720296
511067
169073
748290
752306
479528
63882
656395
79970
815523
332669
64865
759018
50555
795249
340792
431711
660069
780566
463251
788397
795922
208675
483629
202511
956903
895017
415797
200919
99371
875399
156347
623922
766935
449952
23345
634937
559404
23177
858411
699532
219690
142805
543105
439950
685632
890117
654046
20979
207958
646899
173518
623646
2000
412237
722361
935812
412807
816272
132669
645215
840928
623642
418184
79810
967337
747712
43582
545100
326240
126502
347788
985319
72003
828900
925817
932941
422800
740855
333941
174219
388186
481258
587948
124400
14066
850723
494095
264103
915181
275536
112323
636466
799052
441125
747095
181556
307704
272567
452015
734424
537451
588571
406737
528948
166563
166387
411425
709314
722596
369596
40574
949128
435112
381806
100820
890047
331239
208987
265062
306190
495435
87208
840149
520679
152997
706438
205930
853757
296237
617107
797778
733950
531497
344126
206133
408937
648401
582518
240850
918130
551268
200557
961598
54570
408142
750466
924694
455327
746200
995951
412949
754093
904777
324078
58615
782989
216409
412351
302800
181540
678137
996955
160917
819750
811080
499977
18160
743809
700660
996475
483739
276282
666345
410102
917782
242902
953785
960618
922224
818422
574089
405522
210272
17077
604523
774620
246508
999586
106795
887931
962608
215127
909010
937536
134310
361785
73176
674824
464104
656183
536159
414171
436430
60021
598940
976415
903574
713463
540814
667528
869722
547777
937662
866570
576412
773169
77713
36054
416913
176762
674957
782025
572455
575401
851012
265516
688018
741036
597962
112559
172143
143222
104810
392954
987049
781670
298349
950091
845133
978816
893645
620271
383882
888935
534074
716516
867883
365041
764642
894101
389355
325166
777455
273959
580848
732296
352217
518856
127602
507604
249857
799507
845924
377288
859731
549099
905988
22376
655743
784675
90338
629612
71859
370277
927641
635437
737914
700297
740189
162281
707821
957819
6880
971825
321027
258581
844863
49342
186581
777554
38059
473071
517438
475263
565703
721271
996202
22582
714494
693437
405470
788164
902247
565753
746917
572881
748602
719516
869912
300486
454797
932998
809479
551545
433337
117717
102198
429614
457098
847447
569970
466813
160938
210107
159456
786582
857151
254031
80681
942723
245386
310312
57529
677611
443795
789927
863742
687760
217386
752917
929551
582779
277210
389557
7475
702010
351877
634180
591523
121237
569314
228707
868705
188601
892493
895725
907051
577126
648892
98612
138479
282674
510528
783658
409642
320469
408361
111904
549339
186182
584227
51774
401571
219422
438292
397351
578309
576192
203042
814390
593859
32863
372233
465160
95972
764951
478849
142896
540256
721457
562535
287475
877746
456533
703623
169704
178594
459474
97184
982652
773595
857918
896947
235272
932735
649815
479272
964171
377243
71757
976296
769016
973960
284544
828323
190143
534032
471213
303570
275182
868760
923675
469637
809608
211003
673114
111376
716924
567596
40767
910177
210166
285482
713619
116626
459227
956161
967864
821130
738144
800255
976082
293240
92625
128422
289256
704420
276859
548608
664130
175670
174840
404372
157400
112913
844267
342835
449373
560535
879919
501897
288418
836123
706216
276134
708902
488040
421933
644941
780569
853697
5485
978813
742229
693029
788983
744368
157898
37200
83090
381823
694211
356350
889256
580274
915025
274063
656319
240040
424723
531299
116743
39682
492024
142671
142084
581243
612201
5397
74856
583573
749325
335509
871620
644348
583100
723854
540709
871538
555340
894111
506380
86561
173717
134250
11195
742909
701405
85053
611042
870465
452010
220120
146934
943661
651197
43161
386299
336816
492277
282922
693167
145140
232043
272503
82787
281345
161200
455176
259137
772944
474378
509686
107437
837894
264703
638860
154816
729947
637759
829581
663915
834511
409707
921298
408911
331462
990137
834443
721521
993971
539659
453937
14557
99759
90658
727969
275028
336299
374889
1316
691166
726434
465991
973818
426471
314484
654677
404791
534891
869436
5428
106776
115798
456131
872141
33033
263565
911839
986774
330750
545425
615007
103919
118138
241555
513332
3164
461825
549077
236609
826821
508267
277714
788183
57336
465439
40377
505355
460529
390173
586806
429254
737440
563548
336792
137181
557715
696049
189724
581022
350295
329693
60152
573028
853588
690790
578251
720543
902711
269688
362013
596600
766787
79810
334914
303829
340386
781201
62608
67574
24161
567283
756393
828780
935552
510016
179084
202136
997728
381202
119198
162586
68669
120575
993331
700286
802592
162411
387904
584333
174986
867782
473639
247438
810468
102474
541691
901025
211770
911133
314143
787459
630758
936619
267734
68969
783457
695449
456031
512580
171016
693570
808451
193090
259924
488567
262558
91971
292957
541430
757934
794890
646782
542761
459829
722998
641287
726221
139865
593791
377503
757447
99924
5822
111225
637495
128162
217613
107135
812099
204099
397169
491160
257068
160054
583990
643646
374415
215310
870443
69628
716245
950786
279066
35217
15582
800542
929252
489020
717106
504035
159178
460126
579223
395546
194268
962772
619803
164162
406234
248776
18542
360891
736459
933060
524438
902087
902231
750258
443295
108162
276088
529447
388970
429676
963599
691459
31213
290462
364475
111623
942667
950439
764898
516127
857858
715543
281319
199900
282846
535264
569097
133323
190751
495316
371475
451296
836476
942260
68844
218534
863560
306964
348728
476892
13630
845728
736917
126284
265191
783616
650409
889872
103263
420464
673920
790601
785910
613842
73665
939683
696230
34965
174581
376317
979210
595153
572577
737423
701071
828337
645481
394317
910756
296234
695398
742677
300127
308296
240711
637488
85512
848465
771806
283963
419008
50844
573268
906465
192863
423598
291586
367764
143271
862681
471469
367638
106273
570175
372535
632248
600147
853003
197213
807437
783201
463692
104090
800585
258612
557515
65005
427972
911071
786710
398472
308270
462141
566305
171377
631045
56585
103305
833823
187380
886744
787792
450935
834010
634395
973581
888449
507798
809917
90134
927180
4354
475389
956335
633833
157642
839755
960080
807893
536032
628161
446900
794722
222529
495959
184449
795042
9010
644665
385642
287621
771480
863517
472559
411491
305903
222208
775725
976164
465617
680583
699153
110814
254582
587518
677992
73801
181220
282556
911771
38456
901437
146369
875563
671198
474448
610349
345746
307320
873679
46697
922031
945716
437565
579869
24508
259913
925372
163395
823911
782030
911808
936529
436175
841555
310995
618518
772663
234299
322193
175147
604124
665081
520691
516455
847118
875713
642422
219067
425110
290040
520556
127727
556349
932595
1234
516122
538762
970785
690248
397625
906850
92085
478869
773564
264784
19996
793870
157324
730801
497216
64946
503276
827497
723738
786707
915641
157010
65588
830949
319571
147644
594950
643129
263644
225957
436840
940977
232709
194468
567614
599319
385818
576416
15478
136175
386739
498302
532921
423792
853419
865217
16675
560355
119754
809351
300815
709622
130036
920733
792301
521875
266054
479889
735013
491020
111679
551410
154599
124193
977464
920789
343016
1004
421548
496606
190834
714533
69947
396353
181052
351418
202941
283612
33789
908759
815229
203237
425609
588309
142071
175836
174263
923117
36922
244637
179539
379247
47942
354920
197095
521880
24378
887553
573054
447994
465743
577270
244715
731004
397972
465697
102597
56502
515
134953
830369
85913
695487
803283
505091
29906
69879
874591
407728
98663
394392
608898
773018
137332
568399
320491
22317
116127
888260
166914
326951
340883
398953
892767
38242
589799
53499
369323
648352
474669
510270
391256
445681
334739
103942
82509
58720
277948
171164
585328
42756
537579
709350
224024
717363
657057
412208
694103
919292
68304
958204
87714
118240
387423
799264
437134
6304
438119
178137
103376
337638
77049
245874
815030
451063
470164
4560
866405
324141
416789
425953
50638
396752
371452
458132
883211
937491
742682
852961
388699
154065
203254
312594
442386
630652
764416
382994
919360
979255
855974
791518
468870
982592
593371
564302
447895
381853
598298
197857
981997
810300
135374
879933
986190
616714
127506
833769
272748
711227
179098
635188
228846
398770
216018
501019
504875
174018
289010
180211
531954
704741
166506
575436
850038
92900
115097
289341
494759
884645
525452
25183
326211
186295
741137
192975
438601
488639
872028
529360
146691
172687
297543
528495
479906
377515
282400
744965
146956
819477
416083
905843
226128
197880
46049
372707
571610
839447
496521
373734
333079
790854
452496
364859
330656
735668
925465
76395
195964
984627
873388
582895
197825
217164
285101
623723
329189
314758
674505
807581
813949
988322
718299
649483
74951
788589
29635
947804
986237
665927
519598
844732
516161
532654
827498
193873
895627
839858
483060
578797
161414
686869
756427
166225
655512
311649
867699
930047
438772
816976
716413
727779
490562
221128
958485
911205
450956
347729
773330
491729
249077
724606
99034
66687
992796
783808
933538
132546
595870
178474
956832
398571
651305
193585
674350
782811
61749
73036
462541
75375
290487
776803
225940
871485
643320
216838
36534
7809
680779
614542
820008
133294
115456
827339
516802
537443
408480
729513
212074
9392
51441
631628
374257
324656
711361
236166
426352
816536
987847
58046
245632
842200
695323
389425
695618
612687
97474
825335
466894
5671
796546
421543
263138
118292
453427
714068
576108
671568
796410
734130
6168
137181
362416
471572
372692
936564
122431
279804
130303
408374
11810
594239
867005
145547
8931
471616
689330
477316
708848
664823
250956
983002
725660
165439
958293
241657
907673
416999
406995
326800
446195
702857
165587
133604
651494
779607
289172
7667
818824
89968
46413
41377
288280
217763
654928
68416
15835
390416
215298
570833
988593
707283
609734
63950
683995
663769
118978
374636
963326
163113
593828
44999
805599
806776
944968
144232
445941
231331
91622
602362
656860
519460
853210
48397
62365
271389
927199
901719
183730
813106
339477
339311
704809
373267
651537
916494
564218
324839
287204
350471
769155
213758
908807
549085
373957
398251
223891
874250
951031
356757
214657
342988
252071
60646
901851
762122
697173
376820
980486
117992
223879
430391
622250
529769
839073
567481
649235
388301
468642
922314
246225
268051
362667
956243
454110
88367
431761
269514
949617
573108
139103
306581
524323
342229
356062
561600
705644
768408
983157
10247
716281
522020
386224
308398
618206
653969
586918
320640
774095
476436
877939
690271
844110
654902
661247
173689
437680
166919
705893
70619
980566
45393
809788
391286
777174
61176
340238
234507
57771
632336
492480
794913
28102
908380
620818
112380
966018
43822
321298
289395
206387
780573
415220
57567
431933
664094
315749
43971
796008
337701
510387
836320
930512
807092
673931
743423
392892
602514
516215
117216
53780
105596
744272
363651
746797
77351
259840
373746
616350
95625
512870
161093
79599
601507
708154
368889
136391
68393
26936
395898
822655
644132
681111
680342
678884
620483
170181
34972
231195
206527
318707
96294
414062
877892
933207
423610
2442
250130
8133
233548
252908
138958
880694
694681
544152
36266
998703
479691
565954
309172
831134
123726
93359
488996
648307
693232
980407
515648
409131
909361
414298
235695
443000
553482
600217
945121
497443
708417
615015
172768
393054
944000
645578
876357
206600
566617
919036
959291
61562
41895
910405
499137
52897
779757
114858
539158
742529
838863
914617
549250
764049
233893
586910
693426
41007
158721
182362
665372
192646
819128
613965
952892
452969
232827
846438
569057
467445
647846
162252
457885
154005
75470
596016
677698
145070
502390
213618
80737
948639
640029
560450
981719
936654
491594
308727
679713
168599
709981
9891
872574
75299
982252
330370
914623
321680
146612
375934
42332
444850
969079
379474
391198
322934
329788
518633
326464
705648
5542
507978
455102
187815
762134
889469
728884
91785
569982
634351
410944
161426
699212
218259
15491
348552
810319
579348
896940
717764
355480
502177
296687
827154
245001
168740
51428
707887
771811
494073
392713
901826
702501
311674
334166
30902
928080
824813
569620
868602
676920
379357
839336
210012
498543
577936
363512
121337
444015
921205
92384
549628
675613
750283
105889
468211
516251
940369
578469
29838
451259
429983
608840
40069
891963
141730
761530
608132
803126
391413
50307
467449
388797
957714
190741
794352
624765
17609
3880
186768
748388
72669
380066
239710
183848
586789
656414
415662
46286
152123
343206
815039
577162
744627
443139
910959
159427
930431
76472
515030
721039
392750
456772
321354
60403
443153
557060
322687
196521
739203
138543
233258
825316
649437
216191
722291
215217
372233
441447
437548
179809
527863
575088
207334
489935
977683
416453
15390
292194
110293
482291
971239
187321
249676
947325
509417
927064
151888
793756
703900
654311
61532
311890
179248
586104
564387
951352
70537
342313
927173
826555
540255
930800
18362
653772
559080
220209
720266
369927
272353
128247
237116
596411
478866
214070
977108
464045
724023
867121
119071
774457
750919
882207
404529
510112
462772
87740
285537
763850
792359
172249
316250
834386
644177
860139
638123
720856
939727
717518
253797
87918
654553
502593
371906
787118
144578
70550
215288
130839
259772
82939
79780
158702
943844
931119
984718
213780
617860
258302
689567
423345
191806
236835
996559
666383
373278
220789
155665
459089
903896
648973
424649
723335
606785
290683
276587
544477
700723
272922
40216
652650
707600
671678
849454
965432
621634
282027
128711
688318
698361
394265
954515
771770
530031
279664
411751
340523
142552
481688
918411
598783
213070
111760
894137
964341
449092
634734
900047
656804
988951
239368
910095
156703
784667
753108
115561
626643
824023
429759
436518
554254
191079
893483
567698
965468
821104
661893
148802
398847
562259
161690
711789
636484
391586
614750
789870
674999
235507
338026
950008
855371
286404
116066
278448
480893
704215
79632
274270
933814
503586
193250
956013
464729
778937
683154
947372
525119
120200
667406
459186
962301
422918
224090
338214
646018
627197
988380
784906
75495
574409
899040
420721
494452
354031
552877
505975
828303
603892
31091
368317
910176
841370
6030
80360
926387
822193
295222
598364
606262
880759
951295
347721
508374
191630
328309
304427
997216
999166
649341
217692
72735
418396
564807
890778
332841
451983
220563
418604
879736
554194
960844
626092
142077
910591
904067
986521
637684
867610
933737
872966
490271
601210
992623
32848
66673
785345
477711
473684
203792
286287
253978
454323
985442
978859
272820
690009
577590
142117
300800
675476
625872
181215
540182
976766
540026
104985
248158
631408
571016
84099
68513
527764
446844
264462
540459
812422
771812
408318
243323
781624
410149
921361
925833
208452
509354
541776
960293
945791
82112
339446
98615
904015
524756
596993
264394
294765
335894
347249
369631
798255
401561
717442
803057
902430
3367
305984
1238
439165
138151
131514
287211
100497
588269
521997
99878
598484
813635
811133
907310
978753
710830
331012
252198
706617
236565
546804
800100
56978
204163
575139
579056
780280
275798
896302
272071
367632
504000
315755
687789
870004
246747
251785
927739
738684
839833
513869
169457
183232
228692
356035
828189
527584
636255
322903
86028
878881
900840
881115
959647
331507
694912
263411
304591
292087
705653
498836
164538
984486
88582
455154
315245
588519
53854
371882
199266
101060
175747
165113
48813
875076
755543
912673
338564
858496
285005
648630
862079
149217
640067
742817
27196
802041
14119
862498
547737
16185
556553
987886
180544
301362
133179
176560
502562
530964
226737
600014
415199
504834
152893
84602
18654
991169
445955
955284
76687
860051
248222
805824
923619
356886
465267
486143
373884
468376
879270
706847
164099
283259
191866
43585
247249
356394
197231
698471
540750
167936
513076
844149
183179
828871
500275
444065
933195
206233
201096
408038
88500
998917
430940
639731
198157
701641
454841
66878
678368
164673
757948
96733
595474
765092
359573
88058
70375
557703
607638
745479
219196
831098
665864
334335
557918
999572
812094
812551
456215
340807
101354
476777
737253
860944
872313
451963
429655
166220
702102
846412
1711
545343
376435
732861
634931
356581
748601
475348
522407
209670
551389
391051
320752
395545
181628
759762
592498
482451
702347
447221
129542
728015
449646
937972
175090
27573
369456
998319
160619
591852
678921
47699
763680
254328
985891
735363
236414
226717
506627
847408
982790
428685
863154
225546
720253
342681
490239
322441
20456
738142
839069
90964
828357
592906
686166
393185
874938
978212
145681
895706
245938
416411
485359
88459
41461
522477
983080
796473
586151
194231
458871
419561
369675
432984
508126
868508
709124
248457
999506
242712
992976
912978
788198
23016
214066
806374
917117
948705
945093
272058
452679
254828
124880
394648
394721
633617
290814
365103
24371
944489
379992
100303
6129
520586
809869
513777
184115
479446
392738
24933
663143
589726
380681
451441
688207
798612
455884
847909
476591
426501
949829
898921
92553
908899
960013
76553
760606
178833
593182
840206
322455
928343
765656
740432
424552
891539
833933
195659
30066
490550
204643
264295
697932
951101
198813
822397
210721
368510
260927
647941
116948
100094
309919
301095
448424
851214
899005
2156
753436
138025
993672
46406
839668
404570
726082
586188
588371
70521
972345
829322
255197
474634
894757
283436
512353
146670
329687
316740
698043
686030
641164
801734
162537
859574
912793
596386
212944
46178
677385
699607
848099
967279
189879
705767
745004
202108
52137
27693
358483
507630
79740
508018
999433
858332
704483
343560
704046
757108
829177
307834
726846
841059
175502
188422
376290
580621
774017
312120
38204
823600
164070
369820
377998
683532
272764
910189
59812
439523
362105
339809
314667
56705
860741
860458
796130
791046
770165
949953
95296
887761
381144
840836
842309
240950
959108
639200
453185
234128
700470
266926
321316
790860
189521
207231
621687
390066
745110
48835
642182
240170
654485
611336
980245
768400
227093
691127
190991
153845
236286
34303
110722
140957
764699
877340
253510
361850
241126
596862
962853
74226
509442
95477
16863
600165
663585
850580
756635
806852
317471
726609
186696
226134
294673
651952
397578
379928
196030
501573
125605
814657
753344
304096
607377
16807
637435
59454
299828
112214
717048
606357
666345
245255
198285
359480
182737
766664
366244
152323
186716
710435
908534
772538
735050
139296
13743
915825
198345
860451
511839
414341
515537
560411
798139
427738
722690
826855
371735
311584
260646
839965
413573
42175
206987
608541
493469
497478
267839
555438
85384
299208
709129
388290
198748
290965
543648
159654
191685
988467
104207
198184
892468
133650
683359
697027
205561
692144
371542
113652
748208
40994
151867
523000
640231
148446
592360
987280
842303
974628
188035
140915
230409
315103
952790
415226
689265
758645
22502
794066
182731
783914
822183
214827
833016
678381
555316
547794
471827
487202
449744
676113
909016
504540
516664
881341
854873
368071
540804
577973
84279
535491
435294
182666
316395
895596
45168
127050
611855
409189
846588
183181
438664
11383
785356
6363
440753
914492
219785
131038
516007
675836
512819
468266
261941
794183
345015
831168
910433
333840
926946
111290
652604
488231
690909
719475
189993
382954
83944
967884
339781
492139
816134
467022
734576
55934
162793
815340
777105
116720
166357
691430
665637
362248
482082
209833
925647
694029
328596
603275
420625
906474
324098
974346
673352
499475
813200
120021
777998
888974
648865
140715
87979
889166
339356
912708
314474
497977
53250
317875
224053
504646
778618
164918
478122
616401
434167
997230
761665
532592
491299
609056
522999
895946
886967
577158
733723
425284
847224
562316
477390
562578
459583
680249
992547
858058
839585
904065
76858
578103
874600
38336
532606
74500
388220
988185
539826
154190
272258
307292
330142
67036
202268
397887
461469
565241
977024
740386
460778
55737
626461
920853
596581
180202
910765
852754
619133
113846
494050
82443
494548
867889
147462
251998
804062
701293
108376
786031
452668
170576
569459
163217
743836
974843
334033
753624
123222
254873
457229
995003
722459
960423
497435
898511
940657
218098
814423
653091
680602
325591
850870
742337
433566
177715
852916
848406
13733
41051
85811
911850
87231
960261
802272
112005
438333
139768
616648
681913
789077
874519
814651
177248
133520
224287
813355
488796
823487
134710
196698
253521
19725
572500
225755
499327
267948
358766
809
763962
974333
304996
579984
266641
737366
611156
359739
606300
738625
428411
926274
243816
255495
365950
803561
359305
35990
538957
733468
628245
315914
406144
982133
943145
862751
944012
516936
657309
236771
178896
930412
736274
154399
927348
977855
260146
27483
901282
734514
242444
286073
621373
649289
448516
202975
977327
77221
195891
686688
914992
20466
223337
244434
993053
22970
318003
120964
488693
462172
188926
722225
304610
404053
429072
442192
238159
523414
919606
771784
233203
634627
808638
262426
74246
591095
338964
751642
716897
244547
782280
431071
401086
500551
994874
146796
99669
402753
245908
675398
396283
256658
811652
802543
483367
659987
767733
72390
825040
502083
393442
3412
585387
663296
344698
943080
483742
769103
492456
523780
279031
948199
884689
482281
693397
3632
226455
802483
475257
104326
953798
376567
358867
976361
263677
382160
767240
705220
380156
829614
803377
605603
446722
372487
165178
64848
218906
756999
626389
779253
151143
399844
699872
467362
297188
88822
851446
963605
529375
371024
974640
93010
49615
699813
941369
486675
759487
785556
558577
609027
707107
228079
456786
351001
174701
451953
306702
891272
412729
250820
825659
716849
631810
45433
245879
772531
581428
52945
419482
220162
27114
685897
877955
459323
417062
9919
680533
822845
995618
813780
518454
401411
139328
363262
164913
175620
375289
53062
615175
510240
611600
363329
630729
85534
531068
49174
352358
606433
86882
242516
91015
393410
772692
351240
464194
885141
706826
998657
117118
125597
926823
210726
49614
839326
12318
902573
842146
972997
728717
407594
956492
731385
881452
328819
956573
839690
654880
692282
249016
267746
866869
232487
211960
763978
599180
103938
629179
629907
261352
517550
965670
92939
116469
463749
650916
639588
645147
739491
724733
483736
815378
999561
252335
57445
930433
591542
536208
657615
322772
28046
580330
496992
627497
318315
24589
113442
565859
413280
973860
754366
4963
110628
954929
836896
391207
750939
795
872773
131685
249022
161671
536285
462455
519217
987101
718019
913968
136031
46410
72370
425285
950137
78756
208568
711541
309329
194121
427642
231931
348884
837370
694484
607192
92983
529821
157415
792627
824884
136807
369249
95309
406033
28762
626133
711560
633636
826648
828911
834382
244166
498564
966961
348024
160029
482273
406248
507880
715266
688257
955334
500373
157271
209344
627322
227506
186179
677885
685789
442465
69149
366112
120598
448517
544142
395686
170468
946723
720295
106270
130264
230550
279902
111466
180788
167022
634464
722189
406316
555064
182656
989700
512618
322404
332306
744360
293606
454640
76719
835600
383504
115705
747334
61640
477779
418696
898580
293588
395573
145628
81710
614110
89821
433859
808615
718761
198644
41628
884731
666443
221212
806159
77672
319227
259319
487561
226531
180694
994035
908939
174676
948538
422223
931653
348901
976653
404608
703245
437995
39710
340057
411629
377062
271376
565357
175921
906197
644157
336394
435046
776412
139633
848353
680485
748280
933271
891652
168676
904572
694603
924047
775338
814330
165467
699489
149905
708648
105763
739691
322210
835618
84069
521938
590322
811259
626994
972620
91000
898394
251506
769872
231403
672200
255197
552711
592703
441542
274180
828886
741919
50330
786251
281375
186677
126012
325277
129949
905143
173853
629650
835565
107054
563977
414989
949052
33248
707497
826593
1258
279818
231769
594638
495637
546810
3286
976073
92007
814503
701119
179173
259979
500529
324731
679776
876164
519615
816442
423204
90081
909989
922916
678682
200619
120290
188066
681714
668247
235593
424998
332994
352684
68022
726214
894557
40972
885243
954530
543686
868190
666216
397675
187787
778436
166452
777079
638955
591353
560014
32183
8644
448299
159178
989505
334194
995832
440359
179231
366377
970297
673636
595218
224560
226588
89816
863477
145137
738055
16749
806146
685164
595429
505228
363292
746539
384036
913079
887407
981413
208693
301936
352430
889635
222822
667355
483618
23379
969697
109679
908919
817583
31047
147685
785599
890356
578481
764786
696841
206936
666190
386809
210287
103132
580329
683289
351459
889555
828746
872927
922771
524500
194929
308330
217933
477649
224532
628079
212373
331315
755130
553812
557956
563873
978526
138149
641096
752388
687859
519578
343249
466255
147047
70192
135399
931564
456856
872756
699497
797430
731402
961386
833104
77147
479836
386303
469794
469244
91609
494188
110585
73746
964413
644927
983096
964549
336519
444683
983633
368160
613100
798541
765138
457545
4709
765921
770000
695711
413520
300236
270987
860242
176432
333489
223666
894345
221221
161409
286589
583623
725391
664514
437743
143609
535953
799806
937695
527576
107604
935845
268879
655802
788858
399119
996197
615830
803844
527755
967521
264705
541824
652691
801854
247242
658171
505929
812942
51306
594742
406270
689827
140786
646783
205908
184383
363746
694623
549642
380905
648149
216780
489930
50916
435880
804109
47694
888484
696136
792621
663404
734053
910246
924223
236015
371304
323196
77438
339354
809926
901748
233983
276372
603551
15143
52004
474117
457698
637391
760282
625127
506086
40094
139954
619657
354138
13863
189786
694971
457242
416498
110272
334722
29829
581242
483670
523741
94422
988828
334487
437206
918778
692947
671145
116257
737747
26021
876831
933422
140961
465876
486427
447951
789185
856703
234532
354834
686222
279293
622817
285227
624802
545097
914912
116729
938693
486479
967957
927616
635713
626559
162604
526073
650510
545008
777032
620982
360198
879665
713941
822397
612903
806002
286380
468807
967007
386345
45383
671369
174246
28236
390915
560052
435648
70421
867320
936390
613300
486946
454410
493956
731724
513816
678699
743965
457302
127677
730415
492688
637944
815009
700211
134682
673849
8552
48308
763479
114635
449420
819769
633133
557277
928272
708988
832319
602618
232004
390290
670098
807458
828512
314704
684496
595045
438006
709645
216399
211020
63339
37006
847763
448174
248295
55005
62208
372555
208233
632543
171223
229737
709946
166405
751475
249324
797395
804538
477359
150402
830720
847630
543467
559637
253224
302655
105132
275038
373814
412504
792511
532187
47108
971141
260248
86751
346216
788668
280672
401220
792657
10044
176905
924495
575792
649886
45734
705737
125959
590948
55985
498092
510322
348787
592376
909654
900715
516570
840652
72397
225490
656091
600920
961271
686572
973730
947646
435296
636105
682150
670087
422593
191969
816224
900924
89317
732001
621615
222572
908476
406102
133367
191651
473844
591548
787082
982571
226227
240628
559201
983506
466599
322921
273196
289129
224169
551236
105872
247509
165425
748635
69804
625965
946782
588455
834549
145161
794247
511284
728095
876828
920447
868410
197331
333755
970173
136453
391991
365866
164094
389761
842106
270981
253506
352951
920068
986087
308632
508618
928545
390635
620097
932007
979499
745575
996916
155985
526113
172778
991066
878022
771254
262642
901847
823874
349523
138318
985265
47286
902928
763315
915288
884827
140356
271829
712006
833427
419463
244131
977934
908906
442485
185331
917445
474222
113547
302270
400098
375363
506670
374139
487663
462057
395097
805366
23333
874144
454256
90674
920779
483305
371679
495968
829878
449351
896293
75329
273628
494127
174588
664919
946189
783443
880580
400179
254769
376514
446422
331563
131725
815032
381187
820346
181346
980895
260350
623902
748241
178617
426662
590411
50573
171942
504710
884356
793179
998715
240077
510829
95168
270216
264793
269550
607215
459424
564047
13366
724043
880646
268376
486615
554231
294122
113459
592729
569372
405906
626234
579254
912376
972334
611599
872412
956471
542237
361932
945767
896150
587845
674176
90308
949531
96274
729486
536539
236268
556462
240684
197990
13498
425924
930
703873
565145
974557
155829
715511
91071
470533
686304
763746
737966
564485
386490
118344
274283
426214
884557
333298
213868
762311
556588
18446
531560
431608
245982
301860
93041
318450
293838
508922
616621
399184
306205
376766
243281
904516
727597
61623
453847
426920
884722
742866
361668
587472
524243
226451
657608
999306
12529
751943
641486
193394
278050
451033
600573
351290
312920
425307
39414
708060
25011
69967
21397
330023
577739
499487
925288
29159
543917
562317
236106
581379
633655
55626
267101
621882
755331
531541
303075
544442
582235
587056
991010
10682
569622
562607
356441
458761
232499
118066
935614
888492
798599
195314
999764
268880
560853
491211
435125
839175
759882
760060
196018
435166
137246
122938
652524
517234
469530
462797
244819
600093
500620
605319
540897
970833
258951
266145
860211
657450
123650
212679
219439
563989
860565
177562
809811
929862
526807
943752
548094
901551
956014
345747
408221
774649
951821
508960
197512
425223
568432
179771
560078
460529
378443
269422
424545
381550
759889
490168
594445
905889
741419
358163
43629
69003
384081
731046
771025
492553
863260
835833
810192
413997
791237
633348
761830
398793
9341
828570
163573
750634
572154
283556
13534
66812
198020
959530
233731
493538
356217
700349
377425
654281
627958
213905
845891
977985
395406
95519
269554
35618
671235
929711
437400
409495
842309
93954
232802
281913
249259
773384
618379
612160
874786
806263
301270
123473
304877
172580
519949
759355
814226
846260
533486
869640
218821
894296
924515
105171
243201
348360
296107
121981
517015
40457
977149
778815
715591
641758
720945
326177
20884
694475
309996
824562
356884
150992
52778
694353
843555
880495
863124
184820
936197
87805
229343
385210
254987
88054
259217
647604
696651
443584
60606
747891
950331
141571
283204
437659
949849
165729
720256
172386
775183
864631
24931
287798
388726
343391
692640
612518
373213
665474
40185
439066
82660
583670
628483
9825
635437
869902
5203
844797
377425
817233
106896
97881
423286
961430
16224
64161
392769
475824
111025
758728
337803
34625
469532
509025
525024
606090
768370
838375
742735
204597
749291
459388
740572
389801
883530
147324
828754
836725
816067
506702
192123
873368
369098
264086
428064
696156
615238
544074
28020
953837
732380
448946
373251
411123
987994
429071
35992
708019
685624
778105
604774
776978
893750
354877
513250
605324
25079
221678
119495
436920
979315
746992
757607
563723
455826
245562
351827
81054
770807
745556
974550
429478
80742
371699
695163
814391
25609
686561
745163
318385
953677
515732
7596
179679
974715
303779
632121
640457
15109
514431
155789
326286
131885
359368
429323
945003
758731
179121
529550
781167
103957
500753
607499
935785
401340
414917
190083
755179
107580
963773
311092
925145
536534
825813
691323
499613
340024
812000
659120
898143
615784
382784
354252
244074
582014
77605
654787
977883
834221
49761
764381
808363
554280
409373
589400
369295
632091
538540
82427
695065
963798
881478
616902
729326
160474
815740
500771
33565
701813
273698
894459
442683
833300
194516
774498
7343
208181
756703
413530
777883
826005
520308
881872
629235
556746
516536
160720
441308
252039
948186
728224
580847
845066
639555
556269
294466
107795
796872
693328
935257
121862
151621
781487
844165
188552
329474
518841
405603
934713
216525
584015
227558
227745
959274
551431
828677
777046
160536
822987
134016
754792
922536
561169
543831
298601
750206
685749
482771
662022
881402
315251
862668
292315
314508
868091
208782
116490
84280
216386
832854
907820
155182
56553
455766
628421
879416
737536
594064
403106
501077
150765
754815
424064
282706
750375
850552
11456
814832
106375
990759
510787
642225
489055
546605
361368
330614
24112
876122
972374
914529
845331
768955
172354
353630
48536
39790
819800
936517
768556
447663
413025
618353
134338
207735
841825
562501
156835
259867
940208
979432
147994
614725
628433
285641
393136
886405
984723
868088
21836
387606
928360
509793
942689
938016
472711
699361
739008
911395
653766
575760
877136
967058
639862
735469
516916
714071
858302
520457
857363
747009
655857
560347
446899
721387
732150
296500
562598
435145
35578
376017
394880
653560
99446
271040
856559
651802
155362
801214
107252
364700
687201
175401
483809
338388
936718
245294
425053
425388
29368
194251
810604
778780
144493
526476
623687
527713
225065
321045
720348
44108
812536
770786
782125
277773
187198
625707
823399
39524
756012
34288
465160
689020
784304
167584
324111
740545
592509
875270
275661
716613
718223
377473
775627
87129
532050
123931
798658
440002
808832
472177
614899
664080
546616
69181
233344
792633
261104
911574
108165
838337
948810
412257
111380
254307
446541
673007
808802
703399
459252
572547
883032
333961
538181
522199
987584
128257
75099
16562
320505
797661
469581
237018
679350
223439
990781
179242
673436
917312
685736
831333
759951
153579
785867
766097
871391
248179
252975
806968
476904
634160
605356
426042
180689
217790
199163
684440
191269
465043
281292
877503
101630
92804
346337
865185
849097
445494
696339
888435
375975
171639
557486
485685
760994
500327
184635
670170
946789
909058
258307
738267
978671
253346
629141
492411
202590
135849
948817
161001
734546
195993
23873
324788
709911
772706
453340
40310
222045
554732
493575
510291
631414
925196
160740
631927
781177
346477
795371
14706
682938
981753
191321
512970
150264
98529
974407
380469
674271
376586
308742
194635
811567
913890
402104
538945
264867
485701
139196
994091
612891
486548
753482
866186
14775
169504
232524
862398
407763
537814
89244
732411
848004
148193
659775
616640
29299
639363
110826
965154
198012
91969
883885
979858
832506
384963
198128
284369
372861
699496
987794
444131
286286
330296
850097
595205
419717
331317
558412
782573
905465
443802
676057
951319
385059
79901
757600
147413
844615
308031
332495
449283
536644
686380
113900
804683
308062
659674
675518
855030
240816
294202
835825
737379
966794
558507
494128
700125
643551
773761
553520
548350
607311
79063
413082
309769
621832
509677
48872
757389
778450
278985
152650
497277
795275
777232
175497
189067
906043
691028
540420
740677
290951
266622
979370
192773
827801
484633
201998
997997
468464
437119
172953
879424
127617
361661
524058
21835
135627
397242
658689
820198
369052
312590
2002
777360
122070
607588
566807
740638
381683
34781
535313
969738
427658
446745
140337
816918
906091
79130
899595
427616
545829
938293
353529
431548
937019
452626
568442
390941
746752
903232
428149
833548
325135
444751
783754
624964
89477
160493
954304
432110
646740
907374
865406
178674
927143
634222
754232
238790
743046
703815
988032
418924
356526
641204
717540
940598
244942
875936
427995
600403
764881
437263
396765
143274
472073
134513
112404
602279
785119
127078
397535
908350
276475
735704
353109
589811
50300
467191
175914
727677
632891
490317
179768
834406
808139
262872
894983
36857
172896
22787
742769
429353
416922
803062
128098
141767
381209
173852
69282
306072
540800
257584
123852
64849
693225
896098
755042
614621
605183
819732
117493
591901
438876
472327
633123
727859
915790
243112
551410
890245
720530
147015
607116
945103
433423
484496
531098
616652
851102
602198
465169
279482
238480
554068
50079
499306
841840
228747
580503
452587
487994
864350
25656
774618
733602
772083
637752
647913
139468
654800
599606
15099
757454
74944
910549
907638
966921
768251
539346
550234
582599
865566
318200
553686
577630
350263
144911
713873
194762
482459
378133
787591
206587
916344
863283
469616
7836
679078
171786
805540
901464
627025
353665
736266
391094
602559
853505
280149
75178
976298
372542
508241
844263
621010
504094
116265
341363
515907
357439
930965
604838
18957
960849
733390
345892
749907
539301
363367
559600
332631
901709
752766
515001
559288
808668
282005
88589
939836
526984
759054
882454
195397
244200
751678
143024
251237
897544
444986
87611
330060
76884
677924
504271
735221
630324
734245
993543
83783
561374
590502
800538
188625
326596
389855
581209
793541
848964
100188
680239
607026
544069
529915
542031
567698
750652
828362
564060
966764
244953
78457
225415
871665
723441
326542
185985
5534
261001
342794
572706
42631
629307
405095
341478
789735
448924
506541
426730
416922
689970
10248
272223
611232
484013
49063
286826
295767
323568
67271
798992
221628
419293
478617
784115
485647
712228
646120
43972
669285
893664
984449
96580
186040
713008
895470
990000
177286
199181
117309
539413
794080
282856
398976
963339
648798
558139
627112
405475
584144
779078
344139
579028
146780
767741
354586
485465
68184
471106
458461
589346
740105
72635
940048
943568
987206
440648
563631
981270
986840
347377
146779
192962
659097
392730
512861
184201
364990
595602
111290
16370
638747
327813
511714
723993
202089
287363
943222
633439
636949
743701
481922
237299
844664
444961
537591
353270
821041
355751
578436
31707
935607
879269
557532
886423
264076
671262
704667
882120
285969
227680
56924
249607
299168
664663
308933
38269
650927
152852
132122
1331
690635
565419
766884
770908
312992
52096
677903
699685
756854
700028
207039
153952
243294
646891
473116
451071
88713
787960
126847
37665
993536
138245
387623
99016
178257
295159
908183
229913
154657
18791
409562
204943
512871
446663
308519
127237
659692
586372
734431
321647
795943
368075
912497
901959
516979
900708
829901
830752
284839
775560
393001
782695
533097
320201
644651
391975
942751
301674
15997
212674
938678
853171
202405
812759
564413
847819
677108
416433
837158
13399
776123
213527
172495
402939
876979
846819
434880
446556
425346
17315
986205
690194
355613
92797
948917
312004
195485
280422
629735
561303
987632
602112
47382
756623
266391
586888
572536
391216
731664
619660
338687
620709
658288
990363
736517
25484
48100
338496
980917
913090
433143
602091
974758
324241
816807
64232
477312
882812
370020
986248
421202
527117
495898
623143
227696
330332
915863
795752
670269
604532
635564
350105
803305
97891
624631
727541
879256
745889
660328
1205
126471
989897
560326
460263
921334
740585
191476
446875
359106
385408
302230
193426
943728
629995
131432
793838
297464
537013
950977
883636
79034
657737
826510
215956
959630
92494
66844
396460
90599
867184
287532
526291
348277
434550
737095
477041
59288
815100
348786
652762
815884
471283
655525
264211
218773
723144
258118
949778
33899
685523
707550
828589
880912
346808
310412
142940
46168
134692
983848
967127
789646
775637
646774
705868
619139
216416
913605
54641
425754
58765
24493
303195
566675
54319
908952
728631
214855
415745
969769
55145
144379
876009
470653
629112
27584
663974
77674
84176
15723
111625
219535
68198
767961
651784
766651
641219
704887
857729
238846
607211
476435
181768
116417
139876
553510
503893
122565
426675
875351
583666
768067
554652
564537
391008
410228
681631
672212
715156
514907
206656
676552
260845
800782
704297
580302
239836
136218
174563
88519
175287
720517
325526
601650
280441
536929
140774
800042
447792
218108
142815
186981
156326
400232
397867
791628
537257
116914
316574
277255
183174
381694
225183
386902
702128
130065
535843
806913
225898
640654
649829
898041
842409
790882
616793
297687
489667
592650
307643
159187
198066
533288
217176
606896
391902
388590
498490
314609
560635
50746
396907
244915
581589
782664
413873
112030
309090
462532
284843
964870
140429
228215
689912
225344
564950
877231
58484
523016
342354
357433
349130
494822
654956
932605
164530
425490
464866
744504
868209
938830
756469
11689
976714
445719
792577
532086
204512
97390
950661
976890
792953
285406
817115
540383
885967
184332
959270
215284
102215
202369
368009
838125
612898
899361
189649
501963
20711
658556
685417
539761
48561
768773
381887
993039
764027
520811
40126
597443
12041
713090
144100
625998
784294
111700
305540
876550
539614
527198
816104
199447
282172
661811
856175
747214
93827
48460
917845
730193
421925
401595
495814
894160
695847
509274
383350
841577
426045
849892
478813
523552
854828
439811
33387
647337
770188
682881
496630
217560
617781
929552
296794
664550
401458
137927
686369
713298
661930
39759
55070
847157
271160
154389
263207
283908
937872
114989
122623
777206
515707
296993
495354
578913
246240
516399
681861
279023
80782
135489
168065
913608
362554
990308
486547
496985
554666
711274
695622
330972
562626
110791
155150
220470
182346
851133
671373
953662
149762
841026
812038
341102
993616
977400
971717
240795
642514
851665
223467
721573
376506
205914
418401
813932
994468
831738
701869
792840
713958
219682
540451
311897
419349
36125
930430
252565
36787
763629
630929
553413
919017
693087
698343
317101
580709
160706
878166
294079
301940
297504
205800
861578
876499
489722
517574
242447
831652
349579
450172
37545
716539
223083
337639
306226
877455
829403
134883
982713
580911
791578
985169
448210
732798
75109
106427
100077
363462
417749
739673
268062
340637
33470
497647
950317
802719
510193
98007
74174
864520
208619
10249
378847
516937
851725
697265
784678
707991
976750
785186
99845
861590
639927
314306
975059
942591
411676
285347
894148
933328
164704
948898
289400
471378
210447
543715
327295
415518
759241
271484
882874
33810
264772
514517
955954
949920
55960
35202
253602
523776
972499
219029
437379
811924
319030
625170
227152
518018
621204
652687
436901
887044
961488
917978
646450
588721
460468
739449
519113
548065
717899
519578
136420
595544
916002
83898
649584
615328
330870
33592
141923
632358
790258
592736
149349
314488
10385
179683
557369
437205
79258
773427
866240
223458
250689
744617
157695
93327
85628
459451
78430
42064
154716
136022
191044
647445
546820
851724
281293
814474
7585
695220
675006
882909
541883
672560
524043
799030
947071
335437
103200
958761
12618
801707
419717
780792
825437
885651
270364
795464
825747
741253
691781
963382
467660
683530
177179
921451
867034
259009
353760
528160
831878
566965
131150
19413
752098
31777
220509
584765
978970
535304
85902
170950
966717
661175
953456
603663
474455
133273
922376
367045
134558
716365
191501
481851
573460
473005
535719
29807
938932
790451
207319
719629
235054
484506
385392
983360
471043
923390
273792
520151
106092
428038
562129
931529
711373
351145
977306
591998
728474
228064
90574
134439
693732
480191
750029
136142
166005
608749
760681
244673
272599
982033
687717
584227
53253
549893
212834
561380
756552
941562
978974
222760
792606
314044
972310
821575
151714
835046
403131
671936
619201
849052
165438
465759
178467
24189
235783
800604
417869
327869
885600
648554
752744
450244
141305
390159
59214
135557
914531
664307
55113
196786
126754
649939
510782
576553
378270
822699
102324
921258
29379
914682
984257
242528
834557
517494
114169
136442
959041
891013
883922
564212
271853
293984
71663
661493
543641
511512
902460
462173
237590
572414
516404
207122
392422
563971
857490
323477
161096
713624
77631
323345
504259
634336
844382
177685
577268
924600
237660
404783
75175
418510
238861
157258
74788
374566
68568
133948
623019
179744
410850
140173
202520
897366
46814
726975
64978
523241
193072
825038
967300
131933
429495
851882
427965
356332
836849
831414
841880
1809
727103
186181
501107
577023
267713
202782
659047
799305
623368
61013
749734
559401
458885
85999
36398
292952
128256
436693
909326
662963
20534
953317
995422
443558
10822
610551
355547
30964
709368
896604
793981
363114
967298
788323
466055
563819
238741
473108
221261
349907
690157
121651
665943
595793
835759
302625
146239
722528
843100
746883
715286
833139
972073
940153
442657
199671
983254
705196
724090
480438
854900
80778
600117
189661
682254
651721
197656
291789
141257
88555
790074
459435
858771
509034
260496
461103
556635
415179
802402
125629
727498
121578
340773
661950
787712
525420
446116
198847
29517
508484
922006
151433
762059
177696
323876
492745
301301
949845
388807
121704
521348
569776
133501
23923
437989
766672
797566
767950
341265
822776
354018
671722
909683
663610
991028
985682
87084
704439
852195
765950
294136
258054
417182
409465
606603
487192
197598
126345
193142
992719
956849
117791
630149
68765
761405
513334
905947
829381
127819
464372
170609
568601
79898
378953
394735
332354
686892
774159
925241
201535
598340
541836
373168
596694
604069
408847
92921
276895
441244
843246
448913
634310
151465
865383
839805
388823
507473
346286
125718
937161
966847
689950
963557
67939
75865
327464
671864
925929
952002
717046
165461
500674
783330
293990
292509
73450
18559
769652
508087
668620
98309
774565
900409
334807
393762
58497
929370
564570
797770
922891
859886
731718
751485
491585
334634
214403
572316
193152
131950
222855
132773
683576
97516
719110
22649
64593
826675
669170
165808
538293
568314
923228
741078
905176
251685
857700
790453
712284
236969
316375
484064
753053
121049
199146
178813
46642
471266
246869
403161
593884
802598
58514
407349
486475
391797
450494
408150
539199
203071
432611
894589
755580
398127
938793
232654
143724
550374
70059
717467
907164
480887
312218
42088
83082
97095
933751
769928
963022
208929
266769
242682
664276
848774
75130
753592
363765
733159
575564
472090
137967
893714
340582
709568
763853
523247
551364
285239
131048
849118
177419
853912
898919
643380
472306
157641
119827
992307
725510
617473
281271
394076
141856
62100
134841
710997
759714
989220
139626
173344
497720
720109
395030
124218
381872
681750
663692
971105
888690
469041
868000
423031
804516
430856
123400
182549
839710
369157
181374
836107
822122
631769
869001
405584
317702
686480
519126
735284
572435
290379
666075
759320
832450
270132
53764
539507
807482
923360
715939
620605
395607
686631
748009
831860
294549
999884
909622
256833
39230
368480
547977
469783
876998
939832
222910
725325
90747
595539
752755
504101
946777
877040
3979
807167
946221
624275
408639
121053
365349
69531
294135
423436
626124
218974
700383
771414
357397
205013
57086
781280
303651
310165
436241
980615
449107
996008
957222
131922
746255
983368
205046
296533
815463
497302
329652
11875
338473
229935
216847
574667
964889
714370
489034
797617
461829
455961
152357
237169
301634
716648
488908
387571
616984
694410
70884
307079
859122
516207
200205
278099
159453
507412
448783
4446
355794
138757
211301
614901
624245
748831
386962
732220
597056
958483
135518